days	S_Mean	E_Mean	IP_Mean	IA_Mean	TotalInfectious	H_Mean	ICU_Mean	Recovered_Mean	DeadCovid_Mean
0	0.000000	0.000000	0.000000	0.000000	0.000000	0.000000	0.000000	0.000000	0.000000
1	0.999999	0.000000	0.000000	0.000000	0.000000	0.000000	0.000000	0.000000	0.000000
2	0.999999	0.000001	0.000000	0.000000	0.000000	0.000000	0.000000	0.000000	0.000000
3	0.999999	0.000001	0.000000	0.000000	0.000000	0.000000	0.000000	0.000000	0.000000
4	0.999998	0.000001	0.000000	0.000000	0.000000	0.000000	0.000000	0.000000	0.000000
5	0.999998	0.000001	0.000000	0.000000	0.000000	0.000000	0.000000	0.000000	0.000000
6	0.999998	0.000001	0.000000	0.000000	0.000000	0.000000	0.000000	0.000000	0.000000
7	0.999998	0.000001	0.000000	0.000000	0.000000	0.000000	0.000000	0.000000	0.000000
8	0.999997	0.000002	0.000000	0.000000	0.000000	0.000000	0.000000	0.000000	0.000000
9	0.999997	0.000002	0.000000	0.000000	0.000000	0.000000	0.000000	0.000000	0.000000
10	0.999996	0.000002	0.000001	0.000000	0.000000	0.000000	0.000000	0.000001	0.000000
11	0.999996	0.000002	0.000001	0.000000	0.000000	0.000000	0.000000	0.000001	0.000000
12	0.999996	0.000002	0.000001	0.000000	0.000000	0.000000	0.000000	0.000001	0.000000
13	0.999995	0.000003	0.000001	0.000000	0.000000	0.000000	0.000000	0.000001	0.000000
14	0.999994	0.000003	0.000001	0.000000	0.000000	0.000000	0.000000	0.000001	0.000000
15	0.999993	0.000004	0.000001	0.000000	0.000000	0.000000	0.000000	0.000001	0.000000
16	0.999993	0.000004	0.000001	0.000000	0.000000	0.000000	0.000000	0.000001	0.000000
17	0.999992	0.000005	0.000001	0.000000	0.000001	0.000000	0.000000	0.000001	0.000000
18	0.999991	0.000005	0.000002	0.000000	0.000001	0.000000	0.000000	0.000002	0.000000
19	0.999989	0.000006	0.000002	0.000000	0.000001	0.000000	0.000000	0.000002	0.000000
20	0.999988	0.000006	0.000002	0.000000	0.000001	0.000000	0.000000	0.000002	0.000000
21	0.999986	0.000007	0.000003	0.000001	0.000001	0.000000	0.000000	0.000002	0.000000
22	0.999984	0.000008	0.000003	0.000001	0.000001	0.000000	0.000000	0.000003	0.000000
23	0.999982	0.000009	0.000003	0.000001	0.000001	0.000001	0.000000	0.000003	0.000000
24	0.999980	0.000010	0.000004	0.000001	0.000001	0.000001	0.000000	0.000004	0.000000
25	0.999977	0.000012	0.000004	0.000001	0.000001	0.000001	0.000000	0.000004	0.000000
26	0.999973	0.000014	0.000004	0.000001	0.000002	0.000001	0.000000	0.000005	0.000000
27	0.999970	0.000016	0.000005	0.000001	0.000002	0.000001	0.000000	0.000006	0.000000
28	0.999966	0.000018	0.000006	0.000001	0.000002	0.000001	0.000000	0.000006	0.000000
29	0.999962	0.000020	0.000006	0.000001	0.000002	0.000001	0.000000	0.000007	0.000000
30	0.999957	0.000023	0.000007	0.000001	0.000003	0.000001	0.000000	0.000008	0.000000
31	0.999951	0.000026	0.000008	0.000002	0.000003	0.000001	0.000000	0.000009	0.000000
32	0.999945	0.000029	0.000009	0.000002	0.000003	0.000001	0.000000	0.000010	0.000000
33	0.999938	0.000033	0.000010	0.000002	0.000004	0.000002	0.000000	0.000012	0.000000
34	0.999929	0.000037	0.000011	0.000002	0.000004	0.000002	0.000000	0.000014	0.000000
35	0.999920	0.000043	0.000012	0.000003	0.000005	0.000002	0.000000	0.000015	0.000000
36	0.999910	0.000047	0.000015	0.000003	0.000005	0.000002	0.000000	0.000018	0.000000
37	0.999899	0.000052	0.000017	0.000003	0.000006	0.000003	0.000000	0.000020	0.000000
38	0.999886	0.000059	0.000020	0.000004	0.000007	0.000003	0.000000	0.000023	0.000000
39	0.999871	0.000066	0.000022	0.000004	0.000008	0.000003	0.000000	0.000026	0.000000
40	0.999854	0.000075	0.000024	0.000005	0.000009	0.000004	0.000000	0.000029	0.000000
41	0.999834	0.000086	0.000028	0.000006	0.000010	0.000004	0.000000	0.000033	0.000000
42	0.999812	0.000097	0.000031	0.000006	0.000012	0.000005	0.000000	0.000037	0.000000
43	0.999787	0.000111	0.000035	0.000007	0.000013	0.000005	0.000000	0.000042	0.000000
44	0.999760	0.000125	0.000039	0.000008	0.000014	0.000006	0.000000	0.000048	0.000000
45	0.999729	0.000142	0.000044	0.000009	0.000016	0.000007	0.000000	0.000053	0.000000
46	0.999693	0.000161	0.000049	0.000011	0.000017	0.000008	0.000000	0.000061	0.000000
47	0.999654	0.000181	0.000056	0.000011	0.000019	0.000009	0.000000	0.000069	0.000000
48	0.999610	0.000202	0.000065	0.000013	0.000022	0.000010	0.000000	0.000078	0.000000
49	0.999560	0.000229	0.000073	0.000015	0.000025	0.000011	0.000000	0.000088	0.000000
50	0.999504	0.000257	0.000082	0.000017	0.000028	0.000013	0.000000	0.000099	0.000000
51	0.999439	0.000290	0.000094	0.000019	0.000031	0.000014	0.000000	0.000112	0.000000
52	0.999366	0.000329	0.000105	0.000021	0.000036	0.000016	0.000000	0.000127	0.000000
53	0.999285	0.000370	0.000118	0.000024	0.000042	0.000018	0.000000	0.000143	0.000000
54	0.999191	0.000419	0.000133	0.000027	0.000048	0.000020	0.000000	0.000161	0.000000
55	0.999085	0.000476	0.000149	0.000032	0.000053	0.000023	0.000000	0.000182	0.000000
56	0.998965	0.000539	0.000168	0.000035	0.000060	0.000026	0.000001	0.000206	0.000000
57	0.998831	0.000607	0.000194	0.000039	0.000067	0.000029	0.000001	0.000233	0.000000
58	0.998679	0.000686	0.000220	0.000044	0.000075	0.000033	0.000001	0.000263	0.000000
59	0.998508	0.000774	0.000248	0.000050	0.000085	0.000037	0.000001	0.000297	0.000000
60	0.998312	0.000877	0.000279	0.000057	0.000097	0.000042	0.000001	0.000335	0.000000
61	0.998091	0.000992	0.000314	0.000064	0.000111	0.000048	0.000001	0.000378	0.000000
62	0.997842	0.001122	0.000357	0.000072	0.000124	0.000055	0.000001	0.000428	0.000000
63	0.997562	0.001267	0.000402	0.000082	0.000140	0.000062	0.000001	0.000483	0.000000
64	0.997241	0.001435	0.000455	0.000094	0.000158	0.000071	0.000001	0.000546	0.000000
65	0.996881	0.001621	0.000516	0.000104	0.000178	0.000080	0.000002	0.000618	0.000000
66	0.996474	0.001834	0.000583	0.000117	0.000203	0.000090	0.000002	0.000697	0.000000
67	0.996016	0.002072	0.000658	0.000133	0.000231	0.000102	0.000002	0.000787	0.000000
68	0.995499	0.002340	0.000744	0.000151	0.000260	0.000114	0.000002	0.000890	0.000000
69	0.994909	0.002650	0.000839	0.000169	0.000294	0.000129	0.000002	0.001007	0.000000
70	0.994243	0.002995	0.000948	0.000192	0.000335	0.000146	0.000003	0.001138	0.000000
71	0.993502	0.003375	0.001075	0.000216	0.000375	0.000166	0.000003	0.001289	0.000000
72	0.992660	0.003813	0.001215	0.000245	0.000422	0.000186	0.000004	0.001455	0.000000
73	0.991704	0.004313	0.001369	0.000276	0.000479	0.000211	0.000004	0.001645	0.000000
74	0.990631	0.004866	0.001549	0.000311	0.000541	0.000238	0.000004	0.001858	0.000000
75	0.989421	0.005491	0.001749	0.000354	0.000611	0.000270	0.000005	0.002099	0.000000
76	0.988049	0.006204	0.001973	0.000402	0.000691	0.000304	0.000006	0.002371	0.000000
77	0.986506	0.006999	0.002228	0.000453	0.000781	0.000343	0.000007	0.002682	0.000000
78	0.984769	0.007894	0.002515	0.000511	0.000882	0.000390	0.000008	0.003031	0.000000
79	0.982818	0.008893	0.002846	0.000574	0.000997	0.000439	0.000009	0.003425	0.000000
80	0.980616	0.010019	0.003213	0.000650	0.001128	0.000496	0.000010	0.003868	0.000000
81	0.978131	0.011294	0.003627	0.000733	0.001272	0.000561	0.000011	0.004369	0.000000
82	0.975341	0.012726	0.004088	0.000826	0.001436	0.000633	0.000013	0.004937	0.000000
83	0.972208	0.014319	0.004611	0.000934	0.001624	0.000717	0.000014	0.005573	0.000000
84	0.968692	0.016115	0.005199	0.001051	0.001833	0.000799	0.000016	0.006295	0.000011
85	0.964743	0.018138	0.005852	0.001184	0.002070	0.000884	0.000019	0.007109	0.000020
86	0.960352	0.020390	0.006586	0.001336	0.002336	0.000957	0.000021	0.008023	0.000048
87	0.955460	0.022892	0.007396	0.001510	0.002634	0.001025	0.000024	0.009060	0.000068
88	0.950018	0.025653	0.008323	0.001699	0.002964	0.001086	0.000027	0.010230	0.000090
89	0.943986	0.028721	0.009346	0.001915	0.003342	0.001115	0.000030	0.011544	0.000139
90	0.937314	0.032085	0.010501	0.002146	0.003759	0.001138	0.000034	0.013023	0.000169
91	0.929916	0.035792	0.011773	0.002413	0.004228	0.001159	0.000038	0.014683	0.000196
92	0.921734	0.039854	0.013195	0.002712	0.004745	0.001167	0.000041	0.016550	0.000240
93	0.912704	0.044308	0.014762	0.003047	0.005331	0.001165	0.000046	0.018638	0.000287
94	0.902750	0.049187	0.016474	0.003416	0.005982	0.001161	0.000050	0.020981	0.000329
95	0.891804	0.054491	0.018377	0.003825	0.006691	0.001159	0.000055	0.023599	0.000380
96	0.879799	0.060245	0.020461	0.004255	0.007492	0.001156	0.000059	0.026533	0.000425
97	0.866672	0.066457	0.022730	0.004741	0.008381	0.001153	0.000064	0.029801	0.000481
98	0.852390	0.073100	0.025211	0.005280	0.009359	0.001151	0.000068	0.033441	0.000544
99	0.836845	0.080230	0.027920	0.005880	0.010424	0.001151	0.000073	0.037478	0.000620
100	0.819973	0.087860	0.030843	0.006522	0.011604	0.001149	0.000077	0.041973	0.000695
101	0.801776	0.095923	0.034015	0.007224	0.012869	0.001146	0.000081	0.046967	0.000784
102	0.782220	0.104390	0.037411	0.007985	0.014272	0.001146	0.000084	0.052491	0.000874
103	0.761309	0.113214	0.041021	0.008818	0.015813	0.001146	0.000088	0.058591	0.000975
104	0.739040	0.122373	0.044846	0.009696	0.017472	0.001145	0.000091	0.065337	0.001083
105	0.715500	0.131718	0.048888	0.010647	0.019236	0.001147	0.000095	0.072769	0.001214
106	0.690708	0.141176	0.053167	0.011638	0.021136	0.001147	0.000098	0.080930	0.001348
107	0.664722	0.150680	0.057592	0.012715	0.023175	0.001149	0.000101	0.089866	0.001481
108	0.637652	0.160076	0.062207	0.013835	0.025348	0.001147	0.000103	0.099632	0.001616
109	0.609640	0.169232	0.066956	0.015022	0.027615	0.001150	0.000105	0.110281	0.001784
110	0.580795	0.178074	0.071772	0.016223	0.030007	0.001154	0.000107	0.121868	0.001946
111	0.551271	0.186470	0.076597	0.017492	0.032509	0.001153	0.000108	0.134401	0.002118
112	0.521337	0.194198	0.081398	0.018764	0.035111	0.001153	0.000110	0.147930	0.002305
113	0.491179	0.201078	0.086132	0.020061	0.037768	0.001152	0.000111	0.162520	0.002479
114	0.460933	0.207101	0.090686	0.021380	0.040483	0.001153	0.000111	0.178152	0.002656
115	0.430930	0.212048	0.095029	0.022648	0.043216	0.001153	0.000112	0.194864	0.002855
116	0.401367	0.215818	0.099092	0.023895	0.045941	0.001152	0.000112	0.212623	0.003046
117	0.372484	0.218295	0.102787	0.025089	0.048634	0.001152	0.000113	0.231446	0.003233
118	0.344434	0.219432	0.106124	0.026213	0.051252	0.001149	0.000113	0.251283	0.003413
119	0.317434	0.219218	0.108944	0.027241	0.053799	0.001152	0.000113	0.272100	0.003588
120	0.291614	0.217695	0.111178	0.028197	0.056212	0.001150	0.000114	0.293840	0.003754
121	0.267232	0.214727	0.112884	0.029017	0.058428	0.001149	0.000114	0.316449	0.003909
122	0.244340	0.210497	0.113925	0.029672	0.060443	0.001149	0.000115	0.339860	0.004055
123	0.222997	0.205074	0.114333	0.030189	0.062220	0.001148	0.000114	0.363923	0.004196
124	0.203282	0.198565	0.114039	0.030568	0.063732	0.001149	0.000114	0.388551	0.004301
125	0.185234	0.191064	0.113087	0.030788	0.064943	0.001151	0.000114	0.413619	0.004379
126	0.168803	0.182802	0.111494	0.030799	0.065797	0.001149	0.000114	0.439042	0.004460
127	0.153983	0.173899	0.109273	0.030609	0.066331	0.001151	0.000114	0.464639	0.004511
128	0.140700	0.164461	0.106496	0.030292	0.066546	0.001151	0.000114	0.490240	0.004526
129	0.128945	0.154658	0.103245	0.029787	0.066324	0.001150	0.000113	0.515778	0.004541
130	0.118558	0.144723	0.099446	0.029133	0.065794	0.001150	0.000113	0.541082	0.004526
131	0.109491	0.134758	0.095273	0.028331	0.064916	0.001150	0.000113	0.565969	0.004482
132	0.101572	0.124918	0.090763	0.027388	0.063724	0.001150	0.000113	0.590372	0.004401
133	0.094701	0.115331	0.086023	0.026320	0.062227	0.001150	0.000113	0.614135	0.004321
134	0.088813	0.106038	0.081112	0.025175	0.060434	0.001152	0.000113	0.637163	0.004222
135	0.083797	0.097177	0.076058	0.023953	0.058372	0.001149	0.000114	0.659381	0.004113
136	0.079525	0.088794	0.070988	0.022637	0.056119	0.001150	0.000113	0.680674	0.003963
137	0.075912	0.080898	0.065982	0.021317	0.053665	0.001151	0.000114	0.700963	0.003820
138	0.072879	0.073520	0.061075	0.019955	0.051074	0.001149	0.000114	0.720235	0.003656
139	0.070316	0.066692	0.056309	0.018599	0.048382	0.001151	0.000115	0.738435	0.003479
140	0.068192	0.060395	0.051738	0.017273	0.045614	0.001151	0.000115	0.755523	0.003316
141	0.066435	0.054635	0.047375	0.015978	0.042804	0.001150	0.000116	0.771507	0.003141
142	0.064964	0.049368	0.043262	0.014708	0.040004	0.001151	0.000116	0.786427	0.002943
143	0.063769	0.044551	0.039382	0.013505	0.037255	0.001150	0.000115	0.800273	0.002767
144	0.062784	0.040182	0.035757	0.012358	0.034580	0.001149	0.000116	0.813075	0.002572
145	0.061970	0.036227	0.032430	0.011273	0.031980	0.001152	0.000116	0.824852	0.002401
146	0.061317	0.032625	0.029366	0.010278	0.029469	0.001149	0.000117	0.835679	0.002225
147	0.060781	0.029375	0.026554	0.009337	0.027089	0.001150	0.000117	0.845597	0.002061
148	0.060347	0.026463	0.023966	0.008473	0.024815	0.001151	0.000118	0.854667	0.001907
149	0.060010	0.023816	0.021634	0.007660	0.022668	0.001148	0.000119	0.862945	0.001755
150	0.059736	0.021431	0.019508	0.006929	0.020672	0.001150	0.000119	0.870455	0.001608
151	0.059514	0.019273	0.017584	0.006239	0.018825	0.001151	0.000120	0.877295	0.001467
152	0.059341	0.017336	0.015827	0.005636	0.017101	0.001151	0.000120	0.883489	0.001344
153	0.059204	0.015587	0.014252	0.005079	0.015505	0.001151	0.000121	0.889101	0.001224
154	0.059085	0.014022	0.012820	0.004575	0.014052	0.001150	0.000122	0.894175	0.001103
155	0.058995	0.012597	0.011541	0.004116	0.012708	0.001150	0.000123	0.898771	0.001003
156	0.058919	0.011321	0.010371	0.003709	0.011489	0.001150	0.000125	0.902916	0.000906
157	0.058856	0.010176	0.009315	0.003344	0.010375	0.001150	0.000126	0.906656	0.000820
158	0.058806	0.009139	0.008378	0.003005	0.009357	0.001152	0.000127	0.910036	0.000737
159	0.058753	0.008212	0.007525	0.002705	0.008441	0.001151	0.000129	0.913085	0.000657
160	0.058708	0.007372	0.006765	0.002430	0.007606	0.001150	0.000131	0.915838	0.000593
161	0.058657	0.006624	0.006085	0.002186	0.006850	0.001150	0.000133	0.918316	0.000524
162	0.058611	0.005956	0.005462	0.001966	0.006162	0.001151	0.000135	0.920556	0.000465
163	0.058570	0.005344	0.004912	0.001764	0.005544	0.001150	0.000136	0.922578	0.000418
164	0.058524	0.004799	0.004410	0.001588	0.004990	0.001148	0.000139	0.924402	0.000365
165	0.058475	0.004305	0.003962	0.001423	0.004493	0.001150	0.000142	0.926049	0.000320
166	0.058432	0.003867	0.003554	0.001277	0.004033	0.001150	0.000145	0.927542	0.000287
167	0.058385	0.003474	0.003187	0.001150	0.003625	0.001152	0.000148	0.928878	0.000251
168	0.058339	0.003120	0.002859	0.001035	0.003257	0.001150	0.000151	0.930087	0.000219
169	0.058284	0.002808	0.002565	0.000930	0.002929	0.001151	0.000154	0.931180	0.000186
170	0.058233	0.002530	0.002297	0.000830	0.002626	0.001152	0.000157	0.932175	0.000165
171	0.058177	0.002278	0.002058	0.000745	0.002359	0.001150	0.000161	0.933072	0.000138
172	0.058118	0.002051	0.001850	0.000666	0.002121	0.001150	0.000164	0.933880	0.000114
173	0.058055	0.001848	0.001658	0.000598	0.001908	0.001149	0.000169	0.934615	0.000094
174	0.057990	0.001668	0.001487	0.000537	0.001713	0.001149	0.000173	0.935283	0.000076
175	0.057922	0.001506	0.001333	0.000481	0.001540	0.001151	0.000177	0.935890	0.000060
176	0.057856	0.001360	0.001201	0.000429	0.001381	0.001151	0.000181	0.936441	0.000049
177	0.057791	0.001231	0.001078	0.000383	0.001241	0.001147	0.000185	0.936944	0.000039
178	0.057721	0.001118	0.000970	0.000344	0.001112	0.001142	0.000190	0.937403	0.000027
179	0.057653	0.001016	0.000869	0.000312	0.001000	0.001136	0.000195	0.937820	0.000019
180	0.057594	0.000924	0.000783	0.000278	0.000896	0.001127	0.000197	0.938203	0.000017
181	0.057537	0.000839	0.000706	0.000252	0.000806	0.001110	0.000199	0.938552	0.000014
182	0.057484	0.000764	0.000636	0.000227	0.000724	0.001089	0.000202	0.938874	0.000011
183	0.057435	0.000698	0.000571	0.000205	0.000653	0.001063	0.000204	0.939171	0.000010
184	0.057392	0.000640	0.000515	0.000185	0.000583	0.001033	0.000204	0.939447	0.000010
185	0.057353	0.000586	0.000464	0.000166	0.000525	0.000999	0.000206	0.939701	0.000010
186	0.057321	0.000536	0.000420	0.000150	0.000469	0.000960	0.000207	0.939937	0.000011
187	0.057291	0.000492	0.000380	0.000136	0.000421	0.000919	0.000208	0.940153	0.000011
188	0.057266	0.000453	0.000343	0.000121	0.000380	0.000872	0.000208	0.940356	0.000011
189	0.057243	0.000418	0.000311	0.000108	0.000344	0.000826	0.000208	0.940543	0.000011
190	0.057223	0.000386	0.000281	0.000098	0.000310	0.000778	0.000207	0.940715	0.000011
191	0.057205	0.000358	0.000256	0.000090	0.000279	0.000731	0.000207	0.940876	0.000010
192	0.057189	0.000332	0.000232	0.000082	0.000253	0.000682	0.000206	0.941023	0.000010
193	0.057175	0.000309	0.000211	0.000074	0.000228	0.000635	0.000205	0.941162	0.000010
194	0.057162	0.000288	0.000192	0.000067	0.000207	0.000588	0.000205	0.941290	0.000009
195	0.057153	0.000268	0.000175	0.000061	0.000187	0.000543	0.000203	0.941411	0.000010
196	0.057144	0.000250	0.000159	0.000056	0.000169	0.000498	0.000201	0.941523	0.000009
197	0.057138	0.000234	0.000146	0.000050	0.000154	0.000454	0.000198	0.941626	0.000010
198	0.057132	0.000219	0.000134	0.000046	0.000138	0.000414	0.000196	0.941721	0.000009
199	0.057128	0.000205	0.000122	0.000042	0.000126	0.000377	0.000193	0.941807	0.000010
200	0.057125	0.000194	0.000111	0.000038	0.000114	0.000342	0.000189	0.941887	0.000009
201	0.057122	0.000183	0.000102	0.000034	0.000104	0.000309	0.000185	0.941961	0.000010
202	0.057121	0.000173	0.000094	0.000031	0.000095	0.000280	0.000179	0.942027	0.000010
203	0.057121	0.000164	0.000085	0.000029	0.000087	0.000254	0.000174	0.942087	0.000010
204	0.057121	0.000155	0.000078	0.000026	0.000080	0.000230	0.000168	0.942143	0.000009
205	0.057122	0.000147	0.000072	0.000024	0.000072	0.000208	0.000162	0.942194	0.000009
206	0.057124	0.000140	0.000066	0.000023	0.000065	0.000188	0.000155	0.942239	0.000009
207	0.057126	0.000134	0.000059	0.000022	0.000061	0.000170	0.000148	0.942282	0.000010
208	0.057128	0.000128	0.000054	0.000018	0.000055	0.000153	0.000141	0.942322	0.000009
209	0.057131	0.000122	0.000049	0.000017	0.000051	0.000139	0.000135	0.942356	0.000008
210	0.057133	0.000118	0.000045	0.000016	0.000046	0.000126	0.000128	0.942388	0.000008
211	0.057137	0.000113	0.000041	0.000014	0.000043	0.000114	0.000121	0.942418	0.000008
212	0.057140	0.000109	0.000038	0.000013	0.000039	0.000104	0.000114	0.942444	0.000008
213	0.057143	0.000105	0.000035	0.000011	0.000035	0.000094	0.000107	0.942469	0.000008
214	0.057146	0.000102	0.000032	0.000011	0.000032	0.000086	0.000101	0.942491	0.000007
215	0.057150	0.000098	0.000030	0.000010	0.000029	0.000078	0.000094	0.942511	0.000007
216	0.057154	0.000095	0.000028	0.000009	0.000027	0.000071	0.000087	0.942529	0.000007
217	0.057157	0.000093	0.000026	0.000008	0.000025	0.000064	0.000081	0.942547	0.000007
218	0.057160	0.000090	0.000024	0.000007	0.000022	0.000058	0.000075	0.942563	0.000006
219	0.057163	0.000088	0.000022	0.000007	0.000021	0.000052	0.000069	0.942577	0.000005
220	0.057166	0.000086	0.000020	0.000007	0.000019	0.000048	0.000065	0.942590	0.000005
221	0.057168	0.000084	0.000019	0.000006	0.000018	0.000044	0.000060	0.942602	0.000005
222	0.057171	0.000082	0.000017	0.000006	0.000016	0.000040	0.000055	0.942613	0.000005
223	0.057174	0.000080	0.000015	0.000005	0.000015	0.000037	0.000050	0.942623	0.000005
224	0.057176	0.000079	0.000014	0.000005	0.000014	0.000034	0.000046	0.942633	0.000004
225	0.057179	0.000078	0.000012	0.000004	0.000013	0.000030	0.000042	0.942641	0.000004
226	0.057181	0.000076	0.000011	0.000004	0.000011	0.000028	0.000038	0.942649	0.000004
227	0.057183	0.000075	0.000010	0.000003	0.000010	0.000026	0.000035	0.942657	0.000003
228	0.057185	0.000074	0.000010	0.000003	0.000009	0.000024	0.000031	0.942663	0.000003
229	0.057188	0.000073	0.000009	0.000003	0.000008	0.000022	0.000028	0.942669	0.000003
230	0.057189	0.000072	0.000008	0.000003	0.000008	0.000020	0.000026	0.942675	0.000002
231	0.057191	0.000071	0.000007	0.000003	0.000007	0.000018	0.000023	0.942680	0.000003
232	0.057192	0.000070	0.000007	0.000002	0.000006	0.000016	0.000021	0.942685	0.000002
233	0.057193	0.000070	0.000006	0.000002	0.000006	0.000015	0.000019	0.942688	0.000002
234	0.057194	0.000069	0.000006	0.000002	0.000006	0.000014	0.000017	0.942692	0.000002
235	0.057195	0.000068	0.000005	0.000002	0.000005	0.000013	0.000015	0.942696	0.000002
236	0.057196	0.000068	0.000005	0.000002	0.000005	0.000012	0.000014	0.942699	0.000001
237	0.057197	0.000068	0.000005	0.000001	0.000004	0.000011	0.000013	0.942702	0.000001
238	0.057198	0.000067	0.000004	0.000001	0.000004	0.000010	0.000012	0.942704	0.000001
239	0.057198	0.000066	0.000004	0.000001	0.000004	0.000009	0.000011	0.942707	0.000001
240	0.057199	0.000066	0.000003	0.000001	0.000004	0.000009	0.000010	0.942709	0.000001
241	0.057199	0.000066	0.000003	0.000001	0.000003	0.000008	0.000009	0.942711	0.000001
242	0.057200	0.000066	0.000003	0.000001	0.000003	0.000007	0.000008	0.942713	0.000001
243	0.057200	0.000065	0.000003	0.000001	0.000003	0.000007	0.000007	0.942715	0.000001
244	0.057200	0.000065	0.000002	0.000001	0.000002	0.000006	0.000007	0.942716	0.000001
245	0.057201	0.000065	0.000002	0.000001	0.000002	0.000006	0.000006	0.942718	0.000001
246	0.057201	0.000065	0.000002	0.000001	0.000002	0.000005	0.000006	0.942719	0.000000
247	0.057201	0.000064	0.000002	0.000001	0.000002	0.000005	0.000005	0.942720	0.000000
248	0.057201	0.000064	0.000002	0.000001	0.000002	0.000004	0.000005	0.942722	0.000000
249	0.057202	0.000064	0.000001	0.000001	0.000001	0.000004	0.000004	0.942723	0.000000
250	0.057202	0.000064	0.000001	0.000000	0.000001	0.000004	0.000004	0.942724	0.000000
251	0.057202	0.000064	0.000001	0.000001	0.000001	0.000003	0.000004	0.942724	0.000000
252	0.057202	0.000064	0.000001	0.000000	0.000001	0.000003	0.000003	0.942725	0.000000
253	0.057202	0.000063	0.000001	0.000000	0.000001	0.000003	0.000003	0.942726	0.000000
254	0.057202	0.000063	0.000001	0.000000	0.000001	0.000002	0.000003	0.942727	0.000000
255	0.057202	0.000063	0.000001	0.000000	0.000001	0.000002	0.000003	0.942727	0.000000
256	0.057203	0.000063	0.000001	0.000000	0.000001	0.000002	0.000003	0.942728	0.000000
257	0.057203	0.000063	0.000001	0.000000	0.000001	0.000002	0.000002	0.942728	0.000000
258	0.057203	0.000063	0.000001	0.000000	0.000001	0.000002	0.000002	0.942729	0.000000
259	0.057203	0.000063	0.000001	0.000000	0.000001	0.000001	0.000002	0.942729	0.000000
260	0.057203	0.000063	0.000001	0.000000	0.000001	0.000001	0.000002	0.942730	0.000000
261	0.057203	0.000063	0.000001	0.000000	0.000001	0.000001	0.000002	0.942730	0.000000
262	0.057203	0.000063	0.000000	0.000000	0.000000	0.000001	0.000001	0.942730	0.000000
263	0.057203	0.000062	0.000000	0.000000	0.000000	0.000001	0.000001	0.942731	0.000000
264	0.057204	0.000062	0.000000	0.000000	0.000000	0.000001	0.000001	0.942731	0.000000
265	0.057204	0.000062	0.000000	0.000000	0.000000	0.000001	0.000001	0.942731	0.000000
266	0.057204	0.000062	0.000000	0.000000	0.000000	0.000001	0.000001	0.942732	0.000000
267	0.057204	0.000062	0.000000	0.000000	0.000000	0.000001	0.000001	0.942732	0.000000
268	0.057204	0.000062	0.000000	0.000000	0.000000	0.000001	0.000001	0.942732	0.000000
269	0.057204	0.000062	0.000000	0.000000	0.000000	0.000001	0.000001	0.942732	0.000000
270	0.057204	0.000062	0.000000	0.000000	0.000000	0.000001	0.000001	0.942732	0.000000
271	0.057204	0.000062	0.000000	0.000000	0.000000	0.000001	0.000001	0.942732	0.000000
272	0.057204	0.000062	0.000000	0.000000	0.000000	0.000000	0.000001	0.942732	0.000000
273	0.057204	0.000062	0.000000	0.000000	0.000000	0.000000	0.000000	0.942733	0.000000
274	0.057204	0.000062	0.000000	0.000000	0.000000	0.000000	0.000000	0.942733	0.000000
275	0.057204	0.000062	0.000000	0.000000	0.000000	0.000000	0.000000	0.942733	0.000000
276	0.057204	0.000062	0.000000	0.000000	0.000000	0.000000	0.000000	0.942733	0.000000
277	0.057204	0.000062	0.000000	0.000000	0.000000	0.000000	0.000000	0.942733	0.000000
278	0.057204	0.000062	0.000000	0.000000	0.000000	0.000000	0.000000	0.942733	0.000000
279	0.057204	0.000062	0.000000	0.000000	0.000000	0.000000	0.000000	0.942733	0.000000
280	0.057204	0.000062	0.000000	0.000000	0.000000	0.000000	0.000000	0.942733	0.000000
281	0.057204	0.000062	0.000000	0.000000	0.000000	0.000000	0.000000	0.942733	0.000000
282	0.057204	0.000062	0.000000	0.000000	0.000000	0.000000	0.000000	0.942733	0.000000
283	0.057204	0.000062	0.000000	0.000000	0.000000	0.000000	0.000000	0.942733	0.000000
284	0.057204	0.000062	0.000000	0.000000	0.000000	0.000000	0.000000	0.942733	0.000000
285	0.057204	0.000062	0.000000	0.000000	0.000000	0.000000	0.000000	0.942733	0.000000
286	0.057204	0.000062	0.000000	0.000000	0.000000	0.000000	0.000000	0.942733	0.000000
287	0.057204	0.000062	0.000000	0.000000	0.000000	0.000000	0.000000	0.942733	0.000000
288	0.057204	0.000062	0.000000	0.000000	0.000000	0.000000	0.000000	0.942733	0.000000
289	0.057204	0.000062	0.000000	0.000000	0.000000	0.000000	0.000000	0.942733	0.000000
290	0.057204	0.000062	0.000000	0.000000	0.000000	0.000000	0.000000	0.942733	0.000000
291	0.057204	0.000062	0.000000	0.000000	0.000000	0.000000	0.000000	0.942733	0.000000
292	0.057204	0.000062	0.000000	0.000000	0.000000	0.000000	0.000000	0.942733	0.000000
293	0.057204	0.000062	0.000000	0.000000	0.000000	0.000000	0.000000	0.942733	0.000000
294	0.057204	0.000062	0.000000	0.000000	0.000000	0.000000	0.000000	0.942733	0.000000
295	0.057204	0.000062	0.000000	0.000000	0.000000	0.000000	0.000000	0.942734	0.000000
296	0.057204	0.000062	0.000000	0.000000	0.000000	0.000000	0.000000	0.942734	0.000000
297	0.057204	0.000062	0.000000	0.000000	0.000000	0.000000	0.000000	0.942734	0.000000
298	0.057204	0.000062	0.000000	0.000000	0.000000	0.000000	0.000000	0.942734	0.000000
299	0.057204	0.000062	0.000000	0.000000	0.000000	0.000000	0.000000	0.942734	0.000000
300	0.057204	0.000062	0.000000	0.000000	0.000000	0.000000	0.000000	0.942734	0.000000
301	0.057204	0.000062	0.000000	0.000000	0.000000	0.000000	0.000000	0.942734	0.000000
302	0.057204	0.000062	0.000000	0.000000	0.000000	0.000000	0.000000	0.942734	0.000000
303	0.057204	0.000062	0.000000	0.000000	0.000000	0.000000	0.000000	0.942734	0.000000
304	0.057204	0.000062	0.000000	0.000000	0.000000	0.000000	0.000000	0.942734	0.000000
305	0.057204	0.000062	0.000000	0.000000	0.000000	0.000000	0.000000	0.942734	0.000000
306	0.057204	0.000062	0.000000	0.000000	0.000000	0.000000	0.000000	0.942734	0.000000
307	0.057204	0.000062	0.000000	0.000000	0.000000	0.000000	0.000000	0.942734	0.000000
308	0.057204	0.000062	0.000000	0.000000	0.000000	0.000000	0.000000	0.942734	0.000000
309	0.057204	0.000062	0.000000	0.000000	0.000000	0.000000	0.000000	0.942734	0.000000
310	0.057204	0.000062	0.000000	0.000000	0.000000	0.000000	0.000000	0.942734	0.000000
311	0.057204	0.000062	0.000000	0.000000	0.000000	0.000000	0.000000	0.942734	0.000000
312	0.057204	0.000062	0.000000	0.000000	0.000000	0.000000	0.000000	0.942734	0.000000
313	0.057204	0.000062	0.000000	0.000000	0.000000	0.000000	0.000000	0.942734	0.000000
314	0.057204	0.000062	0.000000	0.000000	0.000000	0.000000	0.000000	0.942734	0.000000
315	0.057204	0.000062	0.000000	0.000000	0.000000	0.000000	0.000000	0.942734	0.000000
316	0.057204	0.000062	0.000000	0.000000	0.000000	0.000000	0.000000	0.942734	0.000000
317	0.057204	0.000062	0.000000	0.000000	0.000000	0.000000	0.000000	0.942734	0.000000
318	0.057204	0.000062	0.000000	0.000000	0.000000	0.000000	0.000000	0.942734	0.000000
319	0.057204	0.000062	0.000000	0.000000	0.000000	0.000000	0.000000	0.942734	0.000000
320	0.057204	0.000062	0.000000	0.000000	0.000000	0.000000	0.000000	0.942734	0.000000
321	0.057204	0.000062	0.000000	0.000000	0.000000	0.000000	0.000000	0.942734	0.000000
322	0.057204	0.000062	0.000000	0.000000	0.000000	0.000000	0.000000	0.942734	0.000000
323	0.057204	0.000062	0.000000	0.000000	0.000000	0.000000	0.000000	0.942734	0.000000
324	0.057204	0.000062	0.000000	0.000000	0.000000	0.000000	0.000000	0.942734	0.000000
325	0.057204	0.000062	0.000000	0.000000	0.000000	0.000000	0.000000	0.942734	0.000000
326	0.057204	0.000062	0.000000	0.000000	0.000000	0.000000	0.000000	0.942734	0.000000
327	0.057204	0.000062	0.000000	0.000000	0.000000	0.000000	0.000000	0.942734	0.000000
328	0.057204	0.000062	0.000000	0.000000	0.000000	0.000000	0.000000	0.942734	0.000000
329	0.057204	0.000062	0.000000	0.000000	0.000000	0.000000	0.000000	0.942734	0.000000
330	0.057204	0.000062	0.000000	0.000000	0.000000	0.000000	0.000000	0.942734	0.000000
331	0.057204	0.000062	0.000000	0.000000	0.000000	0.000000	0.000000	0.942734	0.000000
332	0.057204	0.000062	0.000000	0.000000	0.000000	0.000000	0.000000	0.942734	0.000000
333	0.057204	0.000062	0.000000	0.000000	0.000000	0.000000	0.000000	0.942734	0.000000
334	0.057204	0.000062	0.000000	0.000000	0.000000	0.000000	0.000000	0.942734	0.000000
335	0.057204	0.000062	0.000000	0.000000	0.000000	0.000000	0.000000	0.942734	0.000000
336	0.057204	0.000062	0.000000	0.000000	0.000000	0.000000	0.000000	0.942734	0.000000
337	0.057204	0.000062	0.000000	0.000000	0.000000	0.000000	0.000000	0.942734	0.000000
338	0.057204	0.000062	0.000000	0.000000	0.000000	0.000000	0.000000	0.942734	0.000000
339	0.057204	0.000062	0.000000	0.000000	0.000000	0.000000	0.000000	0.942734	0.000000
340	0.057204	0.000062	0.000000	0.000000	0.000000	0.000000	0.000000	0.942734	0.000000
341	0.057204	0.000062	0.000000	0.000000	0.000000	0.000000	0.000000	0.942734	0.000000
342	0.057204	0.000062	0.000000	0.000000	0.000000	0.000000	0.000000	0.942734	0.000000
343	0.057204	0.000062	0.000000	0.000000	0.000000	0.000000	0.000000	0.942734	0.000000
344	0.057204	0.000062	0.000000	0.000000	0.000000	0.000000	0.000000	0.942734	0.000000
345	0.057204	0.000062	0.000000	0.000000	0.000000	0.000000	0.000000	0.942734	0.000000
346	0.057204	0.000062	0.000000	0.000000	0.000000	0.000000	0.000000	0.942734	0.000000
347	0.057204	0.000062	0.000000	0.000000	0.000000	0.000000	0.000000	0.942734	0.000000
348	0.057204	0.000062	0.000000	0.000000	0.000000	0.000000	0.000000	0.942734	0.000000
349	0.057204	0.000062	0.000000	0.000000	0.000000	0.000000	0.000000	0.942734	0.000000
350	0.057204	0.000062	0.000000	0.000000	0.000000	0.000000	0.000000	0.942734	0.000000
351	0.057204	0.000062	0.000000	0.000000	0.000000	0.000000	0.000000	0.942734	0.000000
352	0.057204	0.000062	0.000000	0.000000	0.000000	0.000000	0.000000	0.942734	0.000000
353	0.057204	0.000062	0.000000	0.000000	0.000000	0.000000	0.000000	0.942734	0.000000
354	0.057204	0.000062	0.000000	0.000000	0.000000	0.000000	0.000000	0.942734	0.000000
355	0.057204	0.000062	0.000000	0.000000	0.000000	0.000000	0.000000	0.942734	0.000000
356	0.057204	0.000062	0.000000	0.000000	0.000000	0.000000	0.000000	0.942734	0.000000
357	0.057204	0.000062	0.000000	0.000000	0.000000	0.000000	0.000000	0.942734	0.000000
358	0.057204	0.000062	0.000000	0.000000	0.000000	0.000000	0.000000	0.942734	0.000000
359	0.057204	0.000062	0.000000	0.000000	0.000000	0.000000	0.000000	0.942734	0.000000
360	0.057204	0.000062	0.000000	0.000000	0.000000	0.000000	0.000000	0.942734	0.000000
361	0.057204	0.000062	0.000000	0.000000	0.000000	0.000000	0.000000	0.942734	0.000000
362	0.057204	0.000062	0.000000	0.000000	0.000000	0.000000	0.000000	0.942734	0.000000
363	0.057204	0.000062	0.000000	0.000000	0.000000	0.000000	0.000000	0.942734	0.000000
364	0.057204	0.000062	0.000000	0.000000	0.000000	0.000000	0.000000	0.942734	0.000000
365	0.057204	0.000062	0.000000	0.000000	0.000000	0.000000	0.000000	0.942734	0.000000
366	0.057204	0.000062	0.000000	0.000000	0.000000	0.000000	0.000000	0.942734	0.000000
367	0.057204	0.000062	0.000000	0.000000	0.000000	0.000000	0.000000	0.942734	0.000000
368	0.057204	0.000062	0.000000	0.000000	0.000000	0.000000	0.000000	0.942734	0.000000
369	0.057204	0.000062	0.000000	0.000000	0.000000	0.000000	0.000000	0.942734	0.000000
370	0.057204	0.000062	0.000000	0.000000	0.000000	0.000000	0.000000	0.942734	0.000000
371	0.057204	0.000062	0.000000	0.000000	0.000000	0.000000	0.000000	0.942734	0.000000
372	0.057204	0.000062	0.000000	0.000000	0.000000	0.000000	0.000000	0.942734	0.000000
373	0.057204	0.000062	0.000000	0.000000	0.000000	0.000000	0.000000	0.942734	0.000000
374	0.057204	0.000062	0.000000	0.000000	0.000000	0.000000	0.000000	0.942734	0.000000
375	0.057204	0.000062	0.000000	0.000000	0.000000	0.000000	0.000000	0.942734	0.000000
376	0.057204	0.000062	0.000000	0.000000	0.000000	0.000000	0.000000	0.942734	0.000000
377	0.057204	0.000062	0.000000	0.000000	0.000000	0.000000	0.000000	0.942734	0.000000
378	0.057204	0.000062	0.000000	0.000000	0.000000	0.000000	0.000000	0.942734	0.000000
379	0.057204	0.000062	0.000000	0.000000	0.000000	0.000000	0.000000	0.942734	0.000000
380	0.057204	0.000062	0.000000	0.000000	0.000000	0.000000	0.000000	0.942734	0.000000
381	0.057204	0.000062	0.000000	0.000000	0.000000	0.000000	0.000000	0.942734	0.000000
382	0.057204	0.000062	0.000000	0.000000	0.000000	0.000000	0.000000	0.942734	0.000000
383	0.057204	0.000062	0.000000	0.000000	0.000000	0.000000	0.000000	0.942734	0.000000
384	0.057204	0.000062	0.000000	0.000000	0.000000	0.000000	0.000000	0.942734	0.000000
385	0.057204	0.000062	0.000000	0.000000	0.000000	0.000000	0.000000	0.942734	0.000000
386	0.057204	0.000062	0.000000	0.000000	0.000000	0.000000	0.000000	0.942734	0.000000
387	0.057204	0.000062	0.000000	0.000000	0.000000	0.000000	0.000000	0.942734	0.000000
388	0.057204	0.000062	0.000000	0.000000	0.000000	0.000000	0.000000	0.942734	0.000000
389	0.057204	0.000062	0.000000	0.000000	0.000000	0.000000	0.000000	0.942734	0.000000
390	0.057204	0.000062	0.000000	0.000000	0.000000	0.000000	0.000000	0.942734	0.000000
391	0.057204	0.000062	0.000000	0.000000	0.000000	0.000000	0.000000	0.942734	0.000000
392	0.057204	0.000062	0.000000	0.000000	0.000000	0.000000	0.000000	0.942734	0.000000
393	0.057204	0.000062	0.000000	0.000000	0.000000	0.000000	0.000000	0.942734	0.000000
394	0.057204	0.000062	0.000000	0.000000	0.000000	0.000000	0.000000	0.942734	0.000000
395	0.057204	0.000062	0.000000	0.000000	0.000000	0.000000	0.000000	0.942734	0.000000
396	0.057204	0.000062	0.000000	0.000000	0.000000	0.000000	0.000000	0.942734	0.000000
397	0.057204	0.000062	0.000000	0.000000	0.000000	0.000000	0.000000	0.942734	0.000000
398	0.057204	0.000062	0.000000	0.000000	0.000000	0.000000	0.000000	0.942734	0.000000
399	0.057204	0.000062	0.000000	0.000000	0.000000	0.000000	0.000000	0.942734	0.000000
400	0.057204	0.000062	0.000000	0.000000	0.000000	0.000000	0.000000	0.942734	0.000000
