0	0.000000	0.000000	0.000000	0.000000	0.000000	0.000000	0.000000	0.000000	0.000000	0.000000	0.000000
0	0.004616	0.000000	0.000000	0.000000	0.000000	0.000000	0.000000	0.000000	0.000000	0.000000	0.000000
1	0.000000	0.000000	0.000000	0.000000	0.000000	0.000000	0.000000	0.000000	0.000000	0.000000	0.000000
2	0.000000	0.000000	0.000000	0.000000	0.000000	0.000000	0.000000	0.000000	0.000000	0.000000	0.000000
3	0.000000	0.000000	0.000000	0.000000	0.000000	0.000000	0.000000	0.000000	0.000000	0.000000	0.000000
4	0.000000	0.000000	0.000000	0.000000	0.000000	0.000000	0.000000	0.000000	0.000000	0.000000	0.000000
5	0.000000	0.000000	0.000000	0.000000	0.000000	0.000000	0.000000	0.000000	0.000000	0.000000	0.000000
6	0.000000	0.000000	0.000000	0.000000	0.000000	0.000000	0.000000	0.000000	0.000000	0.000000	0.000000
7	0.000000	0.000000	0.000000	0.000000	0.000000	0.000000	0.000000	0.000000	0.000000	0.000000	0.000000
8	0.000000	0.000000	0.000000	0.000000	0.000000	0.000000	0.000000	0.000000	0.000000	0.000000	0.000000
9	0.000000	0.000000	0.000000	0.000000	0.000000	0.000000	0.000000	0.000000	0.000000	0.000000	0.000000
10	0.000000	0.000001	0.000000	0.000000	0.000000	0.000000	0.000000	0.000000	0.000000	0.000000	0.000000
11	0.000000	0.000000	0.000000	0.000000	0.000000	0.000000	0.000000	0.000000	0.000000	0.000000	0.000000
12	0.000000	0.000000	0.000000	0.000000	0.000000	0.000000	0.000000	0.000000	0.000000	0.000000	0.000000
13	0.000000	0.000000	0.000000	0.000000	0.000000	0.000000	0.000000	0.000000	0.000000	0.000000	0.000000
14	0.000000	0.000001	0.000000	0.000000	0.000000	0.000000	0.000000	0.000000	0.000000	0.000000	0.000000
15	0.000000	0.000000	0.000000	0.000000	0.000000	0.000000	0.000000	0.000000	0.000000	0.000000	0.000000
16	0.000000	0.000001	0.000000	0.000000	0.000000	0.000000	0.000000	0.000000	0.000000	0.000000	0.000000
17	0.000000	0.000001	0.000000	0.000000	0.000000	0.000000	0.000000	0.000000	0.000000	0.000000	0.000000
18	0.000000	0.000001	0.000000	0.000000	0.000000	0.000000	0.000000	0.000000	0.000000	0.000000	0.000000
19	0.000000	0.000001	0.000000	0.000000	0.000000	0.000000	0.000000	0.000000	0.000000	0.000000	0.000000
20	0.000000	0.000001	0.000000	0.000000	0.000000	0.000000	0.000000	0.000000	0.000000	0.000000	0.000000
21	0.000000	0.000001	0.000000	0.000000	0.000000	0.000000	0.000000	0.000000	0.000000	0.000000	0.000000
22	0.000000	0.000002	0.000000	0.000000	0.000000	0.000000	0.000000	0.000000	0.000000	0.000000	0.000000
23	0.000000	0.000001	0.000001	0.000000	0.000000	0.000000	0.000000	0.000000	0.000000	0.000000	0.000000
24	0.000000	0.000002	0.000001	0.000000	0.000000	0.000000	0.000000	0.000000	0.000000	0.000000	0.000000
25	0.000000	0.000002	0.000001	0.000001	0.000000	0.000000	0.000000	0.000000	0.000000	0.000000	0.000000
26	0.000000	0.000003	0.000001	0.000000	0.000000	0.000000	0.000000	0.000000	0.000000	0.000000	0.000000
27	0.000000	0.000004	0.000001	0.000000	0.000000	0.000000	0.000000	0.000000	0.000000	0.000000	0.000000
28	0.000000	0.000002	0.000001	0.000000	0.000000	0.000000	0.000000	0.000000	0.000000	0.000000	0.000000
29	0.000000	0.000003	0.000001	0.000000	0.000000	0.000000	0.000000	0.000000	0.000000	0.000001	0.000000
30	0.000000	0.000003	0.000001	0.000000	0.000000	0.000000	0.000000	0.000000	0.000000	0.000000	0.000000
31	0.000000	0.000003	0.000002	0.000000	0.000000	0.000000	0.000000	0.000000	0.000000	0.000000	0.000000
32	0.000000	0.000003	0.000001	0.000000	0.000000	0.000000	0.000000	0.000000	0.000000	0.000000	0.000000
33	0.000000	0.000005	0.000001	0.000000	0.000000	0.000000	0.000000	0.000000	0.000000	0.000001	0.000000
34	0.000000	0.000005	0.000002	0.000000	0.000000	0.000000	0.000000	0.000000	0.000000	0.000000	0.000000
35	0.000000	0.000006	0.000002	0.000000	0.000000	0.000000	0.000000	0.000000	0.000000	0.000000	0.000000
36	0.000000	0.000006	0.000002	0.000001	0.000000	0.000000	0.000000	0.000000	0.000000	0.000000	0.000000
37	0.000000	0.000007	0.000002	0.000000	0.000000	0.000000	0.000000	0.000000	0.000000	0.000001	0.000000
38	0.000000	0.000008	0.000003	0.000000	0.000000	0.000000	0.000000	0.000000	0.000000	0.000001	0.000000
39	0.000000	0.000009	0.000002	0.000001	0.000001	0.000000	0.000000	0.000000	0.000000	0.000001	0.000000
40	0.000000	0.000009	0.000004	0.000001	0.000000	0.000000	0.000000	0.000000	0.000000	0.000001	0.000000
41	0.000000	0.000010	0.000003	0.000001	0.000001	0.000000	0.000000	0.000000	0.000000	0.000001	0.000000
42	0.000000	0.000011	0.000003	0.000001	0.000001	0.000000	0.000000	0.000000	0.000000	0.000001	0.000000
43	0.000000	0.000012	0.000004	0.000001	0.000001	0.000000	0.000001	0.000000	0.000000	0.000001	0.000000
44	0.000000	0.000013	0.000004	0.000001	0.000001	0.000000	0.000001	0.000000	0.000000	0.000002	0.000000
45	0.000000	0.000012	0.000004	0.000001	0.000001	0.000000	0.000000	0.000000	0.000000	0.000001	0.000000
46	0.000000	0.000019	0.000006	0.000002	0.000001	0.000001	0.000000	0.000001	0.000000	0.000002	0.000000
47	0.000000	0.000017	0.000007	0.000001	0.000002	0.000000	0.000001	0.000000	0.000000	0.000002	0.000000
48	0.000000	0.000017	0.000008	0.000002	0.000001	0.000000	0.000000	0.000000	0.000000	0.000003	0.000000
49	0.000000	0.000023	0.000010	0.000002	0.000001	0.000001	0.000000	0.000000	0.000000	0.000002	0.000000
50	0.000000	0.000024	0.000010	0.000002	0.000002	0.000000	0.000000	0.000001	0.000000	0.000002	0.000000
51	0.000000	0.000028	0.000010	0.000003	0.000002	0.000001	0.000001	0.000000	0.000000	0.000003	0.000000
52	0.000000	0.000031	0.000010	0.000002	0.000002	0.000001	0.000000	0.000001	0.000000	0.000004	0.000000
53	0.000000	0.000038	0.000011	0.000004	0.000002	0.000001	0.000000	0.000000	0.000000	0.000003	0.000000
54	0.000000	0.000036	0.000014	0.000004	0.000002	0.000001	0.000001	0.000001	0.000000	0.000004	0.000000
55	0.000000	0.000049	0.000015	0.000004	0.000003	0.000001	0.000001	0.000001	0.000000	0.000004	0.000000
56	0.000000	0.000043	0.000015	0.000004	0.000002	0.000001	0.000001	0.000000	0.000000	0.000004	0.000000
57	0.000000	0.000054	0.000018	0.000006	0.000003	0.000001	0.000001	0.000001	0.000000	0.000006	0.000000
58	0.000000	0.000054	0.000021	0.000006	0.000003	0.000001	0.000001	0.000001	0.000000	0.000006	0.000000
59	0.000000	0.000065	0.000024	0.000005	0.000004	0.000001	0.000002	0.000000	0.000000	0.000007	0.000000
60	0.000000	0.000073	0.000024	0.000006	0.000003	0.000002	0.000002	0.000001	0.000000	0.000009	0.000000
61	0.000000	0.000078	0.000027	0.000008	0.000004	0.000002	0.000002	0.000002	0.000000	0.000007	0.000000
62	0.000000	0.000084	0.000030	0.000009	0.000004	0.000002	0.000003	0.000002	0.000000	0.000009	0.000000
63	0.000000	0.000095	0.000031	0.000009	0.000005	0.000002	0.000002	0.000002	0.000000	0.000010	0.000000
64	0.000000	0.000101	0.000039	0.000011	0.000007	0.000002	0.000002	0.000002	0.000000	0.000010	0.000000
65	0.000000	0.000121	0.000038	0.000010	0.000007	0.000003	0.000003	0.000002	0.000000	0.000012	0.000000
66	0.000000	0.000132	0.000045	0.000011	0.000009	0.000003	0.000002	0.000003	0.000000	0.000012	0.000000
67	0.000000	0.000149	0.000047	0.000012	0.000009	0.000003	0.000003	0.000003	0.000000	0.000014	0.000000
68	0.000000	0.000157	0.000058	0.000015	0.000010	0.000003	0.000004	0.000002	0.000000	0.000018	0.000000
69	0.000000	0.000175	0.000059	0.000018	0.000012	0.000003	0.000004	0.000003	0.000000	0.000017	0.000000
70	0.000000	0.000206	0.000068	0.000018	0.000011	0.000003	0.000003	0.000003	0.000000	0.000020	0.000000
71	0.000000	0.000225	0.000080	0.000021	0.000013	0.000005	0.000005	0.000003	0.000000	0.000023	0.000000
72	0.000000	0.000244	0.000084	0.000023	0.000014	0.000006	0.000005	0.000003	0.000000	0.000023	0.000000
73	0.000000	0.000280	0.000093	0.000024	0.000013	0.000004	0.000005	0.000004	0.000000	0.000028	0.000000
74	0.000000	0.000301	0.000103	0.000028	0.000015	0.000006	0.000007	0.000005	0.000000	0.000029	0.000000
75	0.000000	0.000328	0.000114	0.000032	0.000019	0.000007	0.000008	0.000005	0.000000	0.000033	0.000000
76	0.000000	0.000375	0.000125	0.000033	0.000022	0.000006	0.000008	0.000008	0.000000	0.000039	0.000000
77	0.000000	0.000402	0.000149	0.000037	0.000025	0.000010	0.000011	0.000007	0.000000	0.000040	0.000000
78	0.000000	0.000453	0.000163	0.000042	0.000024	0.000011	0.000011	0.000009	0.000000	0.000050	0.000000
79	0.000000	0.000502	0.000171	0.000048	0.000030	0.000011	0.000011	0.000010	0.000000	0.000047	0.000000
80	0.000000	0.000557	0.000194	0.000052	0.000031	0.000011	0.000012	0.000011	0.000000	0.000058	0.000000
81	0.000000	0.000610	0.000216	0.000060	0.000034	0.000013	0.000013	0.000011	0.000000	0.000061	0.000000
82	0.000000	0.000680	0.000231	0.000063	0.000041	0.000015	0.000014	0.000012	0.000000	0.000063	0.000000
83	0.000000	0.000751	0.000263	0.000074	0.000044	0.000015	0.000018	0.000013	0.000000	0.000075	0.000000
84	0.000000	0.000824	0.000287	0.000081	0.000046	0.000021	0.000019	0.000016	0.000000	0.000087	0.000000
85	0.000000	0.000920	0.000322	0.000089	0.000050	0.000021	0.000023	0.000016	0.000000	0.000094	0.000000
86	0.000000	0.001020	0.000350	0.000096	0.000056	0.000021	0.000025	0.000022	0.000000	0.000109	0.000000
87	0.000000	0.001115	0.000404	0.000104	0.000062	0.000024	0.000024	0.000022	0.000000	0.000123	0.000000
88	0.000000	0.001261	0.000430	0.000120	0.000067	0.000027	0.000032	0.000025	0.000000	0.000130	0.000000
89	0.000000	0.001379	0.000488	0.000123	0.000076	0.000032	0.000035	0.000029	0.000000	0.000135	0.000000
90	0.000000	0.001515	0.000533	0.000147	0.000089	0.000031	0.000035	0.000029	0.000000	0.000150	0.000000
91	0.000000	0.001708	0.000594	0.000161	0.000097	0.000038	0.000034	0.000033	0.000001	0.000175	0.000000
92	0.000000	0.001864	0.000659	0.000184	0.000105	0.000042	0.000038	0.000037	0.000000	0.000195	0.000000
93	0.000000	0.002040	0.000722	0.000200	0.000118	0.000046	0.000046	0.000035	0.000000	0.000206	0.000000
94	0.000000	0.002279	0.000806	0.000221	0.000127	0.000048	0.000051	0.000042	0.000000	0.000237	0.000000
95	0.000000	0.002506	0.000878	0.000232	0.000141	0.000054	0.000056	0.000046	0.000000	0.000258	0.000000
96	0.000000	0.002760	0.000964	0.000270	0.000155	0.000063	0.000062	0.000051	0.000000	0.000282	0.000000
97	0.000000	0.003039	0.001072	0.000300	0.000177	0.000068	0.000070	0.000058	0.000000	0.000321	0.000000
98	0.000000	0.003343	0.001208	0.000332	0.000200	0.000077	0.000079	0.000062	0.000001	0.000360	0.000000
99	0.000000	0.003690	0.001301	0.000368	0.000219	0.000087	0.000081	0.000071	0.000001	0.000396	0.000000
100	0.000000	0.004070	0.001441	0.000398	0.000239	0.000087	0.000092	0.000079	0.000001	0.000444	0.000000
101	0.000000	0.004437	0.001603	0.000453	0.000264	0.000102	0.000102	0.000084	0.000000	0.000497	0.000000
102	0.000000	0.004842	0.001779	0.000484	0.000287	0.000108	0.000113	0.000094	0.000001	0.000535	0.000000
103	0.000000	0.005345	0.001959	0.000533	0.000329	0.000129	0.000130	0.000106	0.000000	0.000572	0.000000
104	0.000000	0.005895	0.002167	0.000587	0.000362	0.000137	0.000138	0.000118	0.000001	0.000651	0.000000
105	0.000000	0.006420	0.002390	0.000662	0.000392	0.000148	0.000154	0.000125	0.000001	0.000724	0.000000
106	0.000077	0.007033	0.002603	0.000718	0.000425	0.000174	0.000167	0.000067	0.000001	0.000790	0.000077
107	0.000138	0.007602	0.002854	0.000800	0.000485	0.000183	0.000187	0.000018	0.000001	0.000879	0.000138
108	0.000150	0.008304	0.003146	0.000887	0.000523	0.000204	0.000208	0.000019	0.000001	0.000960	0.000150
109	0.000174	0.009048	0.003428	0.000974	0.000587	0.000230	0.000226	0.000022	0.000002	0.001073	0.000174
110	0.000184	0.009782	0.003771	0.001073	0.000640	0.000246	0.000253	0.000026	0.000002	0.001192	0.000184
111	0.000208	0.010579	0.004117	0.001158	0.000701	0.000271	0.000270	0.000026	0.000002	0.001282	0.000208
112	0.000221	0.011465	0.004532	0.001270	0.000769	0.000300	0.000300	0.000029	0.000002	0.001421	0.000221
113	0.000251	0.012312	0.004927	0.001406	0.000853	0.000336	0.000336	0.000029	0.000002	0.001569	0.000251
114	0.000275	0.013276	0.005389	0.001541	0.000919	0.000359	0.000382	0.000036	0.000004	0.001710	0.000275
115	0.000310	0.014231	0.005860	0.001694	0.001035	0.000389	0.000409	0.000035	0.000003	0.001888	0.000310
116	0.000346	0.015250	0.006313	0.001882	0.001106	0.000431	0.000433	0.000035	0.000003	0.002102	0.000346
117	0.000369	0.016301	0.006914	0.002019	0.001218	0.000474	0.000477	0.000038	0.000002	0.002226	0.000369
118	0.000402	0.017354	0.007441	0.002208	0.001314	0.000513	0.000534	0.000035	0.000002	0.002473	0.000402
119	0.000461	0.018387	0.008025	0.002417	0.001445	0.000576	0.000564	0.000039	0.000004	0.002708	0.000461
120	0.000490	0.019466	0.008727	0.002631	0.001573	0.000622	0.000622	0.000042	0.000003	0.002981	0.000490
121	0.000536	0.020471	0.009333	0.002865	0.001694	0.000678	0.000692	0.000038	0.000004	0.003275	0.000536
122	0.000604	0.021571	0.010062	0.003079	0.001849	0.000737	0.000756	0.000044	0.000003	0.003521	0.000604
123	0.000657	0.022573	0.010709	0.003345	0.002026	0.000802	0.000812	0.000042	0.000004	0.003863	0.000657
124	0.000706	0.023512	0.011509	0.003613	0.002172	0.000853	0.000875	0.000042	0.000003	0.004198	0.000706
125	0.000788	0.024379	0.012295	0.003915	0.002341	0.000917	0.000936	0.000039	0.000003	0.004529	0.000788
126	0.000838	0.025306	0.013120	0.004209	0.002521	0.000987	0.001015	0.000044	0.000004	0.004920	0.000838
127	0.000915	0.026097	0.013896	0.004543	0.002726	0.001084	0.001096	0.000046	0.000003	0.005272	0.000915
128	0.000977	0.026703	0.014701	0.004847	0.002898	0.001140	0.001197	0.000044	0.000003	0.005727	0.000977
129	0.001067	0.027345	0.015499	0.005203	0.003111	0.001239	0.001272	0.000044	0.000003	0.006227	0.001067
130	0.001162	0.027812	0.016409	0.005582	0.003360	0.001305	0.001347	0.000046	0.000004	0.006644	0.001162
131	0.001221	0.028157	0.017186	0.005912	0.003538	0.001415	0.001462	0.000045	0.000003	0.007154	0.001221
132	0.001344	0.028375	0.017987	0.006261	0.003732	0.001488	0.001553	0.000047	0.000003	0.007747	0.001344
133	0.001421	0.028452	0.018824	0.006687	0.003988	0.001610	0.001666	0.000047	0.000004	0.008263	0.001421
134	0.001527	0.028379	0.019615	0.007054	0.004217	0.001714	0.001748	0.000050	0.000003	0.008768	0.001527
135	0.001596	0.028209	0.020349	0.007439	0.004460	0.001805	0.001856	0.000047	0.000003	0.009344	0.001596
136	0.001714	0.027816	0.020998	0.007813	0.004712	0.001862	0.001964	0.000051	0.000003	0.009967	0.001714
137	0.001831	0.027291	0.021723	0.008285	0.004941	0.001976	0.002051	0.000050	0.000003	0.010608	0.001831
138	0.001898	0.026702	0.022334	0.008633	0.005183	0.002100	0.002164	0.000052	0.000003	0.011184	0.001898
139	0.002028	0.025991	0.022883	0.009005	0.005421	0.002153	0.002271	0.000050	0.000003	0.011799	0.002028
140	0.002109	0.025066	0.023295	0.009340	0.005608	0.002281	0.002404	0.000046	0.000004	0.012401	0.002109
141	0.002254	0.024194	0.023657	0.009722	0.005898	0.002392	0.002510	0.000051	0.000003	0.013039	0.002254
142	0.002349	0.023058	0.024215	0.010042	0.006039	0.002463	0.002619	0.000049	0.000003	0.013664	0.002349
143	0.002459	0.022007	0.024299	0.010398	0.006257	0.002536	0.002690	0.000050	0.000003	0.014252	0.002459
144	0.002565	0.020684	0.024605	0.010681	0.006394	0.002655	0.002815	0.000049	0.000004	0.014939	0.002565
145	0.002662	0.019481	0.024616	0.010957	0.006577	0.002726	0.002894	0.000055	0.000004	0.015453	0.002662
146	0.002756	0.018223	0.024621	0.011198	0.006699	0.002799	0.002991	0.000048	0.000003	0.016010	0.002756
147	0.002823	0.016885	0.024624	0.011443	0.006888	0.002833	0.003034	0.000047	0.000003	0.016549	0.002823
148	0.002917	0.015740	0.024501	0.011604	0.006948	0.002908	0.003112	0.000052	0.000004	0.017029	0.002917
149	0.003001	0.014553	0.024171	0.011804	0.007053	0.002927	0.003196	0.000048	0.000003	0.017498	0.003001
150	0.003081	0.013349	0.023858	0.011860	0.007122	0.002960	0.003277	0.000041	0.000003	0.017833	0.003081
151	0.003140	0.012293	0.023464	0.012008	0.007177	0.003023	0.003282	0.000041	0.000003	0.018374	0.003140
152	0.003207	0.011183	0.022987	0.011982	0.007217	0.003051	0.003353	0.000037	0.000003	0.018690	0.003207
153	0.003228	0.010323	0.022526	0.011957	0.007181	0.003084	0.003373	0.000036	0.000003	0.019004	0.003228
154	0.003270	0.009334	0.021961	0.011932	0.007167	0.003079	0.003407	0.000045	0.000002	0.019117	0.003270
155	0.003331	0.008562	0.021220	0.011865	0.007075	0.003064	0.003438	0.000042	0.000003	0.019361	0.003331
156	0.003326	0.007882	0.020533	0.011684	0.007077	0.003002	0.003419	0.000043	0.000004	0.019515	0.003326
157	0.003344	0.007184	0.019785	0.011508	0.006961	0.002971	0.003448	0.000046	0.000003	0.019537	0.003344
158	0.003359	0.006659	0.018909	0.011459	0.006825	0.003001	0.003428	0.000045	0.000002	0.019520	0.003359
159	0.003379	0.006067	0.018190	0.011226	0.006725	0.002924	0.003392	0.000041	0.000004	0.019412	0.003379
160	0.003369	0.005615	0.017306	0.010960	0.006566	0.002891	0.003379	0.000041	0.000004	0.019376	0.003369
161	0.003311	0.005213	0.016432	0.010666	0.006398	0.002838	0.003315	0.000046	0.000003	0.019251	0.003311
162	0.003262	0.004821	0.015633	0.010304	0.006189	0.002742	0.003283	0.000046	0.000003	0.019033	0.003262
163	0.003224	0.004499	0.014771	0.010045	0.006034	0.002688	0.003226	0.000043	0.000002	0.018702	0.003224
164	0.003209	0.004189	0.013958	0.009717	0.005780	0.002635	0.003212	0.000044	0.000003	0.018351	0.003209
165	0.003169	0.003901	0.013125	0.009383	0.005594	0.002509	0.003116	0.000045	0.000004	0.018083	0.003169
166	0.003111	0.003728	0.012307	0.008907	0.005344	0.002418	0.003043	0.000047	0.000003	0.017604	0.003111
167	0.003031	0.003501	0.011363	0.008534	0.005127	0.002351	0.002954	0.000048	0.000004	0.017085	0.003031
168	0.002945	0.003291	0.010744	0.008133	0.004844	0.002257	0.002859	0.000048	0.000003	0.016644	0.002945
169	0.002848	0.003092	0.009935	0.007741	0.004614	0.002161	0.002802	0.000047	0.000004	0.016147	0.002848
170	0.002764	0.002925	0.009250	0.007341	0.004377	0.002054	0.002704	0.000049	0.000003	0.015530	0.002764
171	0.002719	0.002771	0.008662	0.006910	0.004171	0.001962	0.002613	0.000046	0.000003	0.014959	0.002719
172	0.002625	0.002612	0.007976	0.006560	0.003912	0.001871	0.002538	0.000043	0.000004	0.014379	0.002625
173	0.002509	0.002495	0.007263	0.006160	0.003729	0.001750	0.002454	0.000044	0.000003	0.013745	0.002509
174	0.002456	0.002357	0.006770	0.005766	0.003437	0.001652	0.002352	0.000047	0.000003	0.013206	0.002456
175	0.002354	0.002217	0.006251	0.005392	0.003231	0.001578	0.002245	0.000045	0.000004	0.012496	0.002354
176	0.002240	0.002082	0.005815	0.005075	0.003027	0.001473	0.002170	0.000048	0.000003	0.011909	0.002240
177	0.002177	0.001982	0.005362	0.004721	0.002813	0.001367	0.002051	0.000049	0.000003	0.011298	0.002177
178	0.002070	0.001866	0.004984	0.004365	0.002624	0.001286	0.001958	0.000046	0.000005	0.010689	0.002070
179	0.001985	0.001777	0.004616	0.004096	0.002429	0.001194	0.001882	0.000048	0.000005	0.010110	0.001985
180	0.001874	0.001663	0.004289	0.003815	0.002241	0.001127	0.001762	0.000048	0.000003	0.009509	0.001874
181	0.001777	0.001582	0.003973	0.003515	0.002120	0.001068	0.001692	0.000045	0.000003	0.008994	0.001777
182	0.001692	0.001467	0.003699	0.003257	0.001964	0.000971	0.001624	0.000046	0.000004	0.008435	0.001692
183	0.001628	0.001391	0.003435	0.003013	0.001818	0.000884	0.001540	0.000047	0.000003	0.007864	0.001628
184	0.001540	0.001295	0.003236	0.002790	0.001699	0.000842	0.001451	0.000046	0.000003	0.007360	0.001540
185	0.001458	0.001226	0.003035	0.002580	0.001549	0.000801	0.001356	0.000044	0.000003	0.006890	0.001458
186	0.001366	0.001144	0.002871	0.002409	0.001444	0.000729	0.001297	0.000050	0.000003	0.006485	0.001366
187	0.001305	0.001071	0.002660	0.002261	0.001344	0.000678	0.001225	0.000044	0.000003	0.006029	0.001305
188	0.001223	0.001005	0.002507	0.002095	0.001234	0.000614	0.001146	0.000046	0.000003	0.005605	0.001223
189	0.001142	0.000941	0.002331	0.001953	0.001155	0.000584	0.001087	0.000048	0.000002	0.005205	0.001142
190	0.001086	0.000886	0.002207	0.001804	0.001069	0.000552	0.001020	0.000045	0.000003	0.004927	0.001086
191	0.001013	0.000833	0.002058	0.001687	0.001000	0.000510	0.000973	0.000046	0.000004	0.004590	0.001013
192	0.000970	0.000767	0.001956	0.001573	0.000913	0.000486	0.000905	0.000043	0.000003	0.004302	0.000970
193	0.000888	0.000714	0.001848	0.001464	0.000881	0.000452	0.000867	0.000049	0.000002	0.004008	0.000888
194	0.000868	0.000687	0.001748	0.001380	0.000831	0.000406	0.000793	0.000044	0.000005	0.003754	0.000868
195	0.000778	0.000634	0.001676	0.001281	0.000776	0.000395	0.000759	0.000044	0.000005	0.003491	0.000778
196	0.000738	0.000595	0.001552	0.001221	0.000709	0.000362	0.000705	0.000045	0.000003	0.003259	0.000738
197	0.000686	0.000567	0.001456	0.001134	0.000696	0.000340	0.000661	0.000042	0.000003	0.003046	0.000686
198	0.000648	0.000527	0.001400	0.001060	0.000641	0.000325	0.000637	0.000043	0.000004	0.002834	0.000648
199	0.000624	0.000490	0.001309	0.001010	0.000606	0.000300	0.000586	0.000044	0.000003	0.002674	0.000624
200	0.000575	0.000463	0.001207	0.000938	0.000576	0.000285	0.000544	0.000046	0.000003	0.002493	0.000575
201	0.000523	0.000430	0.001138	0.000882	0.000537	0.000259	0.000513	0.000046	0.000004	0.002355	0.000523
202	0.000486	0.000404	0.001087	0.000841	0.000501	0.000251	0.000482	0.000050	0.000004	0.002199	0.000486
203	0.000449	0.000374	0.001011	0.000781	0.000476	0.000235	0.000439	0.000049	0.000004	0.002082	0.000449
204	0.000433	0.000356	0.000946	0.000742	0.000438	0.000223	0.000411	0.000044	0.000004	0.001945	0.000433
205	0.000383	0.000329	0.000882	0.000697	0.000412	0.000203	0.000384	0.000046	0.000003	0.001860	0.000383
206	0.000362	0.000317	0.000842	0.000657	0.000391	0.000195	0.000358	0.000046	0.000003	0.001722	0.000362
207	0.000336	0.000291	0.000784	0.000620	0.000371	0.000182	0.000349	0.000047	0.000003	0.001633	0.000336
208	0.000300	0.000265	0.000745	0.000596	0.000358	0.000165	0.000322	0.000049	0.000003	0.001537	0.000300
209	0.000293	0.000254	0.000682	0.000560	0.000328	0.000153	0.000298	0.000047	0.000003	0.001439	0.000293
210	0.000273	0.000246	0.000650	0.000526	0.000304	0.000154	0.000277	0.000044	0.000002	0.001346	0.000273
211	0.000246	0.000226	0.000609	0.000482	0.000298	0.000143	0.000254	0.000043	0.000003	0.001300	0.000246
212	0.000233	0.000204	0.000563	0.000455	0.000275	0.000140	0.000247	0.000043	0.000004	0.001216	0.000233
213	0.000209	0.000200	0.000528	0.000427	0.000255	0.000124	0.000232	0.000044	0.000004	0.001155	0.000209
214	0.000194	0.000181	0.000490	0.000405	0.000246	0.000116	0.000217	0.000047	0.000003	0.001083	0.000194
215	0.000177	0.000172	0.000475	0.000382	0.000224	0.000108	0.000197	0.000046	0.000004	0.000996	0.000177
216	0.000173	0.000157	0.000438	0.000360	0.000216	0.000105	0.000186	0.000045	0.000004	0.000958	0.000173
217	0.000149	0.000147	0.000414	0.000329	0.000196	0.000096	0.000173	0.000044	0.000004	0.000873	0.000149
218	0.000129	0.000137	0.000393	0.000306	0.000188	0.000091	0.000158	0.000048	0.000003	0.000855	0.000129
219	0.000120	0.000129	0.000350	0.000278	0.000179	0.000085	0.000151	0.000051	0.000004	0.000791	0.000120
220	0.000123	0.000121	0.000335	0.000274	0.000170	0.000079	0.000138	0.000041	0.000003	0.000762	0.000123
221	0.000101	0.000109	0.000322	0.000251	0.000150	0.000077	0.000128	0.000047	0.000003	0.000713	0.000101
222	0.000088	0.000104	0.000296	0.000240	0.000143	0.000066	0.000125	0.000046	0.000003	0.000665	0.000088
223	0.000083	0.000098	0.000271	0.000221	0.000135	0.000064	0.000115	0.000045	0.000003	0.000629	0.000083
224	0.000079	0.000095	0.000259	0.000208	0.000132	0.000062	0.000107	0.000045	0.000004	0.000584	0.000079
225	0.000065	0.000088	0.000240	0.000202	0.000111	0.000058	0.000106	0.000048	0.000003	0.000547	0.000065
226	0.000064	0.000083	0.000222	0.000189	0.000108	0.000055	0.000098	0.000042	0.000004	0.000530	0.000064
227	0.000060	0.000074	0.000211	0.000176	0.000097	0.000051	0.000088	0.000049	0.000003	0.000503	0.000060
228	0.000052	0.000068	0.000198	0.000163	0.000098	0.000047	0.000082	0.000045	0.000003	0.000474	0.000052
229	0.000043	0.000065	0.000186	0.000142	0.000088	0.000042	0.000084	0.000044	0.000002	0.000436	0.000043
230	0.000045	0.000067	0.000168	0.000135	0.000088	0.000042	0.000074	0.000044	0.000004	0.000418	0.000045
231	0.000032	0.000054	0.000160	0.000130	0.000077	0.000041	0.000072	0.000048	0.000002	0.000390	0.000032
232	0.000033	0.000051	0.000159	0.000124	0.000075	0.000035	0.000062	0.000044	0.000003	0.000368	0.000033
233	0.000022	0.000050	0.000135	0.000115	0.000073	0.000037	0.000060	0.000046	0.000004	0.000340	0.000022
234	0.000018	0.000045	0.000131	0.000109	0.000062	0.000034	0.000057	0.000045	0.000002	0.000321	0.000018
235	0.000014	0.000041	0.000120	0.000105	0.000062	0.000032	0.000052	0.000047	0.000002	0.000310	0.000014
236	0.000007	0.000039	0.000115	0.000097	0.000060	0.000029	0.000047	0.000050	0.000003	0.000300	0.000007
237	0.000007	0.000038	0.000107	0.000089	0.000052	0.000027	0.000049	0.000045	0.000003	0.000281	0.000007
238	0.000005	0.000034	0.000103	0.000081	0.000052	0.000024	0.000045	0.000045	0.000002	0.000265	0.000005
239	0.000002	0.000033	0.000094	0.000073	0.000045	0.000023	0.000041	0.000046	0.000002	0.000240	0.000002
240	0.000002	0.000031	0.000086	0.000069	0.000043	0.000020	0.000038	0.000042	0.000003	0.000239	0.000002
241	0.000002	0.000028	0.000085	0.000063	0.000042	0.000021	0.000038	0.000042	0.000002	0.000227	0.000002
242	0.000002	0.000030	0.000072	0.000065	0.000036	0.000020	0.000032	0.000039	0.000004	0.000208	0.000002
243	0.000002	0.000026	0.000077	0.000060	0.000034	0.000020	0.000034	0.000034	0.000003	0.000201	0.000002
244	0.000003	0.000025	0.000067	0.000056	0.000035	0.000018	0.000029	0.000033	0.000002	0.000196	0.000003
245	0.000002	0.000024	0.000063	0.000053	0.000032	0.000015	0.000028	0.000032	0.000003	0.000182	0.000002
246	0.000002	0.000021	0.000059	0.000050	0.000029	0.000015	0.000023	0.000030	0.000003	0.000171	0.000002
247	0.000002	0.000021	0.000056	0.000047	0.000026	0.000016	0.000022	0.000025	0.000003	0.000165	0.000002
248	0.000003	0.000017	0.000052	0.000040	0.000027	0.000013	0.000021	0.000023	0.000003	0.000158	0.000003
249	0.000002	0.000019	0.000049	0.000041	0.000024	0.000012	0.000021	0.000021	0.000002	0.000149	0.000002
250	0.000002	0.000016	0.000046	0.000034	0.000023	0.000012	0.000020	0.000023	0.000002	0.000149	0.000002
251	0.000003	0.000017	0.000040	0.000029	0.000019	0.000011	0.000019	0.000020	0.000002	0.000141	0.000003
252	0.000002	0.000015	0.000036	0.000034	0.000020	0.000009	0.000017	0.000020	0.000003	0.000130	0.000002
253	0.000002	0.000012	0.000033	0.000026	0.000020	0.000010	0.000015	0.000019	0.000002	0.000120	0.000002
254	0.000001	0.000011	0.000032	0.000028	0.000018	0.000008	0.000018	0.000017	0.000003	0.000120	0.000001
255	0.000002	0.000012	0.000033	0.000025	0.000016	0.000008	0.000013	0.000017	0.000002	0.000112	0.000002
256	0.000003	0.000011	0.000031	0.000025	0.000016	0.000007	0.000014	0.000015	0.000002	0.000107	0.000003
257	0.000002	0.000010	0.000029	0.000024	0.000014	0.000006	0.000013	0.000014	0.000002	0.000101	0.000002
258	0.000002	0.000009	0.000024	0.000024	0.000012	0.000006	0.000010	0.000013	0.000001	0.000093	0.000002
259	0.000002	0.000010	0.000024	0.000019	0.000013	0.000006	0.000012	0.000013	0.000001	0.000097	0.000002
260	0.000002	0.000010	0.000023	0.000019	0.000012	0.000006	0.000011	0.000011	0.000002	0.000089	0.000002
261	0.000002	0.000009	0.000021	0.000016	0.000010	0.000005	0.000009	0.000011	0.000002	0.000083	0.000002
262	0.000002	0.000008	0.000018	0.000017	0.000008	0.000005	0.000010	0.000011	0.000001	0.000080	0.000002
263	0.000003	0.000007	0.000019	0.000014	0.000009	0.000004	0.000009	0.000010	0.000001	0.000079	0.000003
264	0.000002	0.000007	0.000019	0.000013	0.000007	0.000003	0.000008	0.000009	0.000002	0.000071	0.000002
265	0.000002	0.000006	0.000018	0.000013	0.000009	0.000005	0.000007	0.000008	0.000001	0.000070	0.000002
266	0.000002	0.000007	0.000016	0.000014	0.000007	0.000003	0.000006	0.000008	0.000002	0.000067	0.000002
267	0.000001	0.000007	0.000015	0.000011	0.000006	0.000003	0.000006	0.000006	0.000001	0.000067	0.000001
268	0.000002	0.000005	0.000015	0.000011	0.000007	0.000004	0.000005	0.000007	0.000001	0.000064	0.000002
269	0.000002	0.000005	0.000010	0.000009	0.000007	0.000003	0.000005	0.000006	0.000001	0.000060	0.000002
270	0.000002	0.000004	0.000013	0.000009	0.000006	0.000004	0.000006	0.000004	0.000001	0.000053	0.000002
271	0.000002	0.000003	0.000011	0.000009	0.000005	0.000002	0.000004	0.000006	0.000001	0.000057	0.000002
272	0.000002	0.000005	0.000012	0.000007	0.000006	0.000002	0.000005	0.000005	0.000001	0.000055	0.000002
273	0.000001	0.000004	0.000011	0.000008	0.000005	0.000003	0.000005	0.000005	0.000002	0.000049	0.000001
274	0.000001	0.000005	0.000010	0.000008	0.000005	0.000002	0.000005	0.000004	0.000001	0.000044	0.000001
275	0.000002	0.000004	0.000010	0.000006	0.000004	0.000003	0.000003	0.000004	0.000001	0.000042	0.000002
276	0.000001	0.000003	0.000008	0.000007	0.000003	0.000002	0.000004	0.000004	0.000001	0.000040	0.000001
277	0.000002	0.000003	0.000006	0.000008	0.000003	0.000002	0.000003	0.000004	0.000001	0.000038	0.000002
278	0.000001	0.000003	0.000009	0.000005	0.000003	0.000001	0.000004	0.000004	0.000001	0.000041	0.000001
279	0.000001	0.000003	0.000008	0.000005	0.000005	0.000001	0.000002	0.000005	0.000001	0.000036	0.000001
280	0.000002	0.000003	0.000006	0.000005	0.000003	0.000001	0.000002	0.000002	0.000001	0.000035	0.000002
281	0.000001	0.000003	0.000007	0.000005	0.000003	0.000001	0.000002	0.000003	0.000001	0.000033	0.000001
282	0.000001	0.000002	0.000004	0.000006	0.000003	0.000002	0.000003	0.000002	0.000000	0.000034	0.000001
283	0.000001	0.000002	0.000005	0.000004	0.000003	0.000001	0.000003	0.000003	0.000001	0.000027	0.000001
284	0.000002	0.000003	0.000004	0.000005	0.000003	0.000001	0.000002	0.000003	0.000001	0.000027	0.000002
285	0.000002	0.000002	0.000007	0.000005	0.000002	0.000001	0.000001	0.000002	0.000000	0.000025	0.000002
286	0.000001	0.000002	0.000004	0.000003	0.000002	0.000001	0.000001	0.000002	0.000000	0.000026	0.000001
287	0.000001	0.000002	0.000004	0.000004	0.000002	0.000001	0.000002	0.000002	0.000000	0.000024	0.000001
288	0.000001	0.000002	0.000004	0.000004	0.000002	0.000001	0.000001	0.000002	0.000001	0.000022	0.000001
289	0.000001	0.000002	0.000005	0.000003	0.000002	0.000001	0.000001	0.000001	0.000001	0.000022	0.000001
290	0.000001	0.000001	0.000003	0.000002	0.000002	0.000001	0.000002	0.000001	0.000000	0.000018	0.000001
291	0.000001	0.000001	0.000003	0.000002	0.000001	0.000000	0.000001	0.000001	0.000001	0.000018	0.000001
292	0.000001	0.000001	0.000004	0.000002	0.000002	0.000001	0.000002	0.000001	0.000000	0.000015	0.000001
293	0.000001	0.000001	0.000004	0.000002	0.000001	0.000001	0.000002	0.000002	0.000000	0.000014	0.000001
294	0.000001	0.000001	0.000002	0.000002	0.000002	0.000001	0.000001	0.000002	0.000000	0.000015	0.000001
295	0.000001	0.000001	0.000003	0.000002	0.000002	0.000001	0.000001	0.000001	0.000000	0.000014	0.000001
296	0.000001	0.000000	0.000002	0.000002	0.000001	0.000000	0.000001	0.000001	0.000000	0.000013	0.000001
297	0.000000	0.000001	0.000003	0.000002	0.000000	0.000000	0.000001	0.000001	0.000000	0.000013	0.000000
298	0.000001	0.000001	0.000003	0.000001	0.000001	0.000000	0.000001	0.000001	0.000000	0.000013	0.000001
299	0.000001	0.000001	0.000002	0.000002	0.000001	0.000001	0.000001	0.000001	0.000000	0.000010	0.000001
300	0.000001	0.000001	0.000002	0.000002	0.000001	0.000000	0.000001	0.000000	0.000000	0.000012	0.000001
301	0.000000	0.000001	0.000002	0.000002	0.000001	0.000001	0.000000	0.000001	0.000000	0.000010	0.000000
302	0.000001	0.000001	0.000002	0.000002	0.000001	0.000000	0.000001	0.000001	0.000000	0.000008	0.000001
303	0.000001	0.000000	0.000002	0.000001	0.000001	0.000000	0.000000	0.000001	0.000000	0.000009	0.000001
304	0.000000	0.000001	0.000001	0.000001	0.000000	0.000000	0.000001	0.000001	0.000000	0.000008	0.000000
305	0.000001	0.000000	0.000002	0.000001	0.000001	0.000000	0.000001	0.000000	0.000000	0.000009	0.000001
306	0.000001	0.000001	0.000002	0.000001	0.000001	0.000000	0.000001	0.000001	0.000000	0.000008	0.000001
307	0.000000	0.000001	0.000001	0.000001	0.000000	0.000000	0.000001	0.000001	0.000000	0.000007	0.000000
308	0.000001	0.000000	0.000001	0.000001	0.000000	0.000000	0.000000	0.000001	0.000000	0.000007	0.000001
309	0.000000	0.000000	0.000001	0.000001	0.000001	0.000000	0.000000	0.000001	0.000000	0.000005	0.000000
310	0.000000	0.000001	0.000001	0.000001	0.000001	0.000000	0.000000	0.000000	0.000000	0.000005	0.000000
311	0.000001	0.000001	0.000001	0.000001	0.000001	0.000000	0.000001	0.000000	0.000000	0.000006	0.000001
312	0.000001	0.000000	0.000001	0.000001	0.000000	0.000000	0.000001	0.000001	0.000000	0.000006	0.000001
313	0.000000	0.000000	0.000001	0.000001	0.000001	0.000000	0.000001	0.000000	0.000000	0.000005	0.000000
314	0.000000	0.000000	0.000001	0.000000	0.000000	0.000000	0.000000	0.000000	0.000000	0.000004	0.000000
315	0.000000	0.000000	0.000000	0.000000	0.000000	0.000000	0.000001	0.000000	0.000000	0.000003	0.000000
316	0.000000	0.000000	0.000001	0.000000	0.000000	0.000000	0.000000	0.000001	0.000000	0.000004	0.000000
317	0.000000	0.000000	0.000001	0.000001	0.000000	0.000000	0.000000	0.000000	0.000000	0.000003	0.000000
318	0.000000	0.000000	0.000000	0.000001	0.000000	0.000000	0.000000	0.000000	0.000000	0.000004	0.000000
319	0.000000	0.000000	0.000001	0.000000	0.000000	0.000000	0.000000	0.000000	0.000000	0.000003	0.000000
320	0.000001	0.000000	0.000001	0.000000	0.000000	0.000000	0.000000	0.000000	0.000000	0.000004	0.000001
321	0.000001	0.000000	0.000001	0.000000	0.000000	0.000000	0.000000	0.000000	0.000000	0.000003	0.000001
322	0.000000	0.000000	0.000001	0.000001	0.000000	0.000000	0.000000	0.000000	0.000000	0.000003	0.000000
323	0.000001	0.000000	0.000000	0.000000	0.000000	0.000000	0.000000	0.000000	0.000000	0.000003	0.000001
324	0.000000	0.000000	0.000000	0.000001	0.000000	0.000000	0.000000	0.000000	0.000000	0.000004	0.000000
325	0.000000	0.000000	0.000000	0.000001	0.000000	0.000000	0.000000	0.000000	0.000000	0.000001	0.000000
326	0.000000	0.000000	0.000000	0.000000	0.000000	0.000000	0.000000	0.000000	0.000000	0.000003	0.000000
327	0.000000	0.000000	0.000000	0.000000	0.000000	0.000000	0.000000	0.000000	0.000000	0.000002	0.000000
328	0.000001	0.000000	0.000000	0.000000	0.000000	0.000000	0.000000	0.000000	0.000000	0.000001	0.000001
329	0.000000	0.000000	0.000000	0.000000	0.000000	0.000000	0.000000	0.000000	0.000000	0.000002	0.000000
330	0.000000	0.000000	0.000000	0.000000	0.000000	0.000000	0.000000	0.000000	0.000000	0.000001	0.000000
331	0.000000	0.000000	0.000000	0.000000	0.000000	0.000000	0.000000	0.000000	0.000000	0.000001	0.000000
332	0.000000	0.000000	0.000000	0.000001	0.000000	0.000000	0.000000	0.000000	0.000000	0.000002	0.000000
333	0.000000	0.000000	0.000000	0.000000	0.000000	0.000000	0.000000	0.000000	0.000000	0.000001	0.000000
334	0.000000	0.000000	0.000001	0.000000	0.000000	0.000000	0.000000	0.000000	0.000000	0.000002	0.000000
335	0.000000	0.000000	0.000000	0.000000	0.000000	0.000000	0.000000	0.000000	0.000000	0.000001	0.000000
336	0.000000	0.000000	0.000000	0.000000	0.000000	0.000000	0.000000	0.000000	0.000000	0.000001	0.000000
337	0.000000	0.000000	0.000000	0.000000	0.000000	0.000000	0.000000	0.000000	0.000000	0.000001	0.000000
338	0.000000	0.000000	0.000000	0.000000	0.000000	0.000000	0.000000	0.000000	0.000000	0.000001	0.000000
339	0.000000	0.000000	0.000000	0.000000	0.000000	0.000000	0.000000	0.000000	0.000000	0.000001	0.000000
340	0.000000	0.000000	0.000000	0.000000	0.000000	0.000000	0.000000	0.000000	0.000000	0.000001	0.000000
341	0.000000	0.000000	0.000000	0.000000	0.000000	0.000000	0.000000	0.000000	0.000000	0.000001	0.000000
342	0.000000	0.000000	0.000000	0.000000	0.000000	0.000000	0.000000	0.000000	0.000000	0.000001	0.000000
343	0.000000	0.000000	0.000000	0.000000	0.000000	0.000000	0.000000	0.000000	0.000000	0.000000	0.000000
344	0.000000	0.000000	0.000000	0.000000	0.000000	0.000000	0.000000	0.000000	0.000000	0.000001	0.000000
345	0.000000	0.000000	0.000000	0.000000	0.000000	0.000000	0.000000	0.000000	0.000000	0.000000	0.000000
346	0.000000	0.000000	0.000000	0.000000	0.000000	0.000000	0.000000	0.000000	0.000000	0.000001	0.000000
347	0.000000	0.000000	0.000000	0.000000	0.000000	0.000000	0.000000	0.000000	0.000000	0.000001	0.000000
348	0.000000	0.000000	0.000000	0.000000	0.000000	0.000000	0.000000	0.000000	0.000000	0.000000	0.000000
349	0.000000	0.000000	0.000000	0.000000	0.000000	0.000000	0.000000	0.000000	0.000000	0.000000	0.000000
350	0.000000	0.000000	0.000000	0.000000	0.000000	0.000000	0.000000	0.000000	0.000000	0.000000	0.000000
351	0.000000	0.000000	0.000000	0.000000	0.000000	0.000000	0.000000	0.000000	0.000000	0.000001	0.000000
352	0.000000	0.000000	0.000000	0.000000	0.000000	0.000000	0.000000	0.000000	0.000000	0.000000	0.000000
353	0.000000	0.000000	0.000000	0.000000	0.000000	0.000000	0.000000	0.000000	0.000000	0.000001	0.000000
354	0.000000	0.000000	0.000000	0.000000	0.000000	0.000000	0.000000	0.000000	0.000000	0.000000	0.000000
355	0.000000	0.000000	0.000000	0.000000	0.000000	0.000000	0.000000	0.000000	0.000000	0.000000	0.000000
356	0.000000	0.000000	0.000000	0.000000	0.000000	0.000000	0.000000	0.000000	0.000000	0.000000	0.000000
357	0.000000	0.000000	0.000000	0.000000	0.000000	0.000000	0.000000	0.000000	0.000000	0.000000	0.000000
358	0.000000	0.000000	0.000000	0.000000	0.000000	0.000000	0.000000	0.000000	0.000000	0.000000	0.000000
359	0.000000	0.000000	0.000000	0.000000	0.000000	0.000000	0.000000	0.000000	0.000000	0.000000	0.000000
360	0.000000	0.000000	0.000000	0.000000	0.000000	0.000000	0.000000	0.000000	0.000000	0.000000	0.000000
361	0.000000	0.000000	0.000000	0.000000	0.000000	0.000000	0.000000	0.000000	0.000000	0.000000	0.000000
362	0.000000	0.000000	0.000000	0.000000	0.000000	0.000000	0.000000	0.000000	0.000000	0.000000	0.000000
363	0.000000	0.000000	0.000000	0.000000	0.000000	0.000000	0.000000	0.000000	0.000000	0.000000	0.000000
364	0.000000	0.000000	0.000000	0.000000	0.000000	0.000000	0.000000	0.000000	0.000000	0.000000	0.000000
365	0.000000	0.000000	0.000000	0.000000	0.000000	0.000000	0.000000	0.000000	0.000000	0.000000	0.000000
366	0.000000	0.000000	0.000000	0.000000	0.000000	0.000000	0.000000	0.000000	0.000000	0.000000	0.000000
367	0.000000	0.000000	0.000000	0.000000	0.000000	0.000000	0.000000	0.000000	0.000000	0.000000	0.000000
368	0.000000	0.000000	0.000000	0.000000	0.000000	0.000000	0.000000	0.000000	0.000000	0.000000	0.000000
369	0.000000	0.000000	0.000000	0.000000	0.000000	0.000000	0.000000	0.000000	0.000000	0.000000	0.000000
370	0.000000	0.000000	0.000000	0.000000	0.000000	0.000000	0.000000	0.000000	0.000000	0.000001	0.000000
371	0.000000	0.000000	0.000000	0.000000	0.000000	0.000000	0.000000	0.000000	0.000000	0.000000	0.000000
372	0.000000	0.000000	0.000000	0.000000	0.000000	0.000000	0.000000	0.000000	0.000000	0.000000	0.000000
373	0.000000	0.000000	0.000000	0.000000	0.000000	0.000000	0.000000	0.000000	0.000000	0.000000	0.000000
374	0.000000	0.000000	0.000000	0.000000	0.000000	0.000000	0.000000	0.000000	0.000000	0.000000	0.000000
375	0.000000	0.000000	0.000000	0.000000	0.000000	0.000000	0.000000	0.000000	0.000000	0.000000	0.000000
376	0.000000	0.000000	0.000000	0.000000	0.000000	0.000000	0.000000	0.000000	0.000000	0.000000	0.000000
377	0.000000	0.000000	0.000000	0.000000	0.000000	0.000000	0.000000	0.000000	0.000000	0.000000	0.000000
378	0.000000	0.000000	0.000000	0.000000	0.000000	0.000000	0.000000	0.000000	0.000000	0.000000	0.000000
379	0.000000	0.000000	0.000000	0.000000	0.000000	0.000000	0.000000	0.000000	0.000000	0.000000	0.000000
380	0.000000	0.000000	0.000000	0.000000	0.000000	0.000000	0.000000	0.000000	0.000000	0.000000	0.000000
381	0.000000	0.000000	0.000000	0.000000	0.000000	0.000000	0.000000	0.000000	0.000000	0.000000	0.000000
382	0.000000	0.000000	0.000000	0.000000	0.000000	0.000000	0.000000	0.000000	0.000000	0.000000	0.000000
383	0.000000	0.000000	0.000000	0.000000	0.000000	0.000000	0.000000	0.000000	0.000000	0.000000	0.000000
384	0.000000	0.000000	0.000000	0.000000	0.000000	0.000000	0.000000	0.000000	0.000000	0.000000	0.000000
385	0.000000	0.000000	0.000000	0.000000	0.000000	0.000000	0.000000	0.000000	0.000000	0.000000	0.000000
386	0.000000	0.000000	0.000000	0.000000	0.000000	0.000000	0.000000	0.000000	0.000000	0.000000	0.000000
387	0.000000	0.000000	0.000000	0.000000	0.000000	0.000000	0.000000	0.000000	0.000000	0.000000	0.000000
388	0.000000	0.000000	0.000000	0.000000	0.000000	0.000000	0.000000	0.000000	0.000000	0.000000	0.000000
389	0.000000	0.000000	0.000000	0.000000	0.000000	0.000000	0.000000	0.000000	0.000000	0.000000	0.000000
390	0.000000	0.000000	0.000000	0.000000	0.000000	0.000000	0.000000	0.000000	0.000000	0.000000	0.000000
391	0.000000	0.000000	0.000000	0.000000	0.000000	0.000000	0.000000	0.000000	0.000000	0.000000	0.000000
392	0.000000	0.000000	0.000000	0.000000	0.000000	0.000000	0.000000	0.000000	0.000000	0.000000	0.000000
393	0.000000	0.000000	0.000000	0.000000	0.000000	0.000000	0.000000	0.000000	0.000000	0.000000	0.000000
394	0.000000	0.000000	0.000000	0.000000	0.000000	0.000000	0.000000	0.000000	0.000000	0.000000	0.000000
395	0.000000	0.000000	0.000000	0.000000	0.000000	0.000000	0.000000	0.000000	0.000000	0.000000	0.000000
396	0.000000	0.000000	0.000000	0.000000	0.000000	0.000000	0.000000	0.000000	0.000000	0.000000	0.000000
397	0.000000	0.000000	0.000000	0.000000	0.000000	0.000000	0.000000	0.000000	0.000000	0.000000	0.000000
398	0.000000	0.000000	0.000000	0.000000	0.000000	0.000000	0.000000	0.000000	0.000000	0.000000	0.000000
399	0.000000	0.000000	0.000000	0.000000	0.000000	0.000000	0.000000	0.000000	0.000000	0.000000	0.000000
400	0.000000	0.000000	0.000000	0.000000	0.000000	0.000000	0.000000	0.000000	0.000000	0.000000	0.000000
