0	0.000000	0.000000	0.000000	0.000000	0.000000	0.000000	0.000000	0.000000	0.000000	0.000000	0.000000
1	0.004607	0.000000	0.000000	0.000000	0.000000	0.000000	0.000000	0.000000	0.000000	0.000000	0.000000
2	0.000001	0.000000	0.000000	0.000000	0.000000	0.000000	0.000000	0.000000	0.000000	0.000000	0.000000
3	0.000000	0.000001	0.000000	0.000000	0.000000	0.000000	0.000000	0.000000	0.000000	0.000000	0.000000
4	0.000000	0.000000	0.000000	0.000000	0.000000	0.000000	0.000000	0.000000	0.000000	0.000000	0.000000
5	0.000000	0.000000	0.000000	0.000000	0.000000	0.000000	0.000000	0.000000	0.000000	0.000000	0.000000
6	0.000000	0.000000	0.000000	0.000000	0.000000	0.000000	0.000000	0.000000	0.000000	0.000000	0.000000
7	0.000000	0.000000	0.000000	0.000000	0.000000	0.000000	0.000000	0.000000	0.000000	0.000000	0.000000
8	0.000000	0.000000	0.000000	0.000000	0.000000	0.000000	0.000000	0.000000	0.000000	0.000000	0.000000
9	0.000000	0.000001	0.000000	0.000000	0.000000	0.000000	0.000000	0.000000	0.000000	0.000000	0.000000
10	0.000000	0.000001	0.000001	0.000000	0.000000	0.000000	0.000000	0.000000	0.000000	0.000000	0.000000
11	0.000000	0.000000	0.000000	0.000000	0.000000	0.000000	0.000000	0.000000	0.000000	0.000000	0.000000
12	0.000000	0.000001	0.000000	0.000000	0.000000	0.000000	0.000000	0.000000	0.000000	0.000000	0.000000
13	0.000000	0.000001	0.000000	0.000000	0.000000	0.000000	0.000000	0.000000	0.000000	0.000000	0.000000
14	0.000000	0.000001	0.000001	0.000000	0.000000	0.000000	0.000000	0.000000	0.000000	0.000000	0.000000
15	0.000000	0.000001	0.000000	0.000000	0.000000	0.000000	0.000000	0.000000	0.000000	0.000000	0.000000
16	0.000000	0.000001	0.000000	0.000000	0.000000	0.000000	0.000000	0.000000	0.000000	0.000000	0.000000
17	0.000000	0.000002	0.000001	0.000000	0.000000	0.000000	0.000000	0.000000	0.000000	0.000000	0.000000
18	0.000000	0.000002	0.000001	0.000000	0.000000	0.000000	0.000000	0.000000	0.000000	0.000000	0.000000
19	0.000000	0.000002	0.000001	0.000000	0.000000	0.000000	0.000000	0.000000	0.000000	0.000000	0.000000
20	0.000000	0.000002	0.000001	0.000000	0.000000	0.000000	0.000000	0.000000	0.000000	0.000000	0.000000
21	0.000000	0.000002	0.000002	0.000000	0.000000	0.000000	0.000000	0.000000	0.000000	0.000000	0.000000
22	0.000000	0.000003	0.000001	0.000000	0.000000	0.000000	0.000000	0.000000	0.000000	0.000000	0.000000
23	0.000000	0.000003	0.000002	0.000000	0.000000	0.000000	0.000000	0.000000	0.000000	0.000000	0.000000
24	0.000000	0.000004	0.000001	0.000001	0.000000	0.000000	0.000000	0.000000	0.000000	0.000000	0.000000
25	0.000000	0.000004	0.000002	0.000001	0.000000	0.000000	0.000000	0.000000	0.000000	0.000000	0.000000
26	0.000000	0.000005	0.000002	0.000001	0.000001	0.000000	0.000000	0.000000	0.000000	0.000001	0.000000
27	0.000000	0.000005	0.000003	0.000001	0.000000	0.000000	0.000000	0.000000	0.000000	0.000001	0.000000
28	0.000000	0.000006	0.000003	0.000000	0.000001	0.000000	0.000000	0.000000	0.000000	0.000001	0.000000
29	0.000000	0.000007	0.000004	0.000001	0.000001	0.000000	0.000000	0.000000	0.000000	0.000001	0.000000
30	0.000000	0.000008	0.000003	0.000001	0.000001	0.000000	0.000000	0.000000	0.000000	0.000002	0.000000
31	0.000000	0.000009	0.000006	0.000001	0.000001	0.000000	0.000001	0.000000	0.000000	0.000001	0.000000
32	0.000000	0.000010	0.000006	0.000001	0.000001	0.000000	0.000001	0.000001	0.000000	0.000002	0.000000
33	0.000000	0.000012	0.000005	0.000001	0.000002	0.000000	0.000000	0.000001	0.000000	0.000003	0.000000
34	0.000000	0.000014	0.000006	0.000003	0.000001	0.000001	0.000001	0.000001	0.000000	0.000003	0.000000
35	0.000000	0.000017	0.000005	0.000002	0.000002	0.000000	0.000000	0.000000	0.000000	0.000002	0.000000
36	0.000000	0.000015	0.000009	0.000003	0.000002	0.000001	0.000000	0.000001	0.000000	0.000003	0.000000
37	0.000000	0.000017	0.000009	0.000003	0.000002	0.000000	0.000001	0.000000	0.000000	0.000004	0.000000
38	0.000000	0.000022	0.000010	0.000002	0.000002	0.000001	0.000001	0.000001	0.000000	0.000005	0.000000
39	0.000000	0.000025	0.000013	0.000003	0.000002	0.000001	0.000001	0.000001	0.000000	0.000004	0.000000
40	0.000000	0.000028	0.000012	0.000004	0.000003	0.000001	0.000001	0.000001	0.000000	0.000006	0.000000
41	0.000000	0.000032	0.000015	0.000004	0.000004	0.000001	0.000001	0.000001	0.000000	0.000005	0.000000
42	0.000000	0.000037	0.000017	0.000005	0.000004	0.000001	0.000001	0.000001	0.000000	0.000008	0.000000
43	0.000000	0.000039	0.000019	0.000007	0.000004	0.000002	0.000002	0.000002	0.000000	0.000008	0.000000
44	0.000000	0.000042	0.000022	0.000005	0.000004	0.000002	0.000001	0.000002	0.000000	0.000008	0.000000
45	0.000000	0.000050	0.000024	0.000008	0.000004	0.000002	0.000001	0.000002	0.000000	0.000009	0.000000
46	0.000000	0.000060	0.000029	0.000009	0.000006	0.000003	0.000002	0.000001	0.000000	0.000013	0.000000
47	0.000000	0.000064	0.000029	0.000011	0.000007	0.000003	0.000002	0.000001	0.000000	0.000013	0.000000
48	0.000000	0.000070	0.000036	0.000011	0.000007	0.000003	0.000003	0.000002	0.000000	0.000016	0.000000
49	0.000000	0.000082	0.000037	0.000015	0.000007	0.000003	0.000004	0.000003	0.000000	0.000014	0.000000
50	0.000000	0.000086	0.000044	0.000013	0.000009	0.000003	0.000004	0.000004	0.000000	0.000019	0.000000
51	0.000000	0.000101	0.000051	0.000016	0.000010	0.000004	0.000004	0.000004	0.000000	0.000022	0.000000
52	0.000001	0.000117	0.000055	0.000017	0.000011	0.000004	0.000004	0.000004	0.000000	0.000024	0.000000
53	0.000000	0.000121	0.000065	0.000022	0.000012	0.000004	0.000005	0.000004	0.000000	0.000025	0.000000
54	0.000000	0.000153	0.000070	0.000022	0.000014	0.000007	0.000006	0.000005	0.000000	0.000029	0.000000
55	0.000000	0.000172	0.000083	0.000025	0.000016	0.000007	0.000006	0.000006	0.000000	0.000035	0.000000
56	0.000000	0.000194	0.000089	0.000031	0.000019	0.000007	0.000008	0.000006	0.000000	0.000037	0.000000
57	0.000000	0.000214	0.000105	0.000033	0.000018	0.000009	0.000008	0.000008	0.000000	0.000043	0.000000
58	0.000000	0.000239	0.000117	0.000039	0.000021	0.000009	0.000009	0.000008	0.000000	0.000048	0.000000
59	0.000000	0.000274	0.000132	0.000046	0.000027	0.000009	0.000010	0.000009	0.000000	0.000055	0.000000
60	0.000000	0.000304	0.000150	0.000051	0.000031	0.000011	0.000012	0.000010	0.000000	0.000061	0.000000
61	0.000000	0.000346	0.000162	0.000057	0.000035	0.000014	0.000015	0.000011	0.000000	0.000069	0.000000
62	0.000000	0.000401	0.000190	0.000062	0.000036	0.000013	0.000015	0.000015	0.000000	0.000085	0.000000
63	0.000000	0.000446	0.000216	0.000073	0.000042	0.000019	0.000015	0.000014	0.000000	0.000095	0.000000
64	0.000000	0.000510	0.000247	0.000081	0.000047	0.000021	0.000018	0.000016	0.000000	0.000094	0.000000
65	0.000000	0.000568	0.000276	0.000091	0.000052	0.000020	0.000019	0.000017	0.000001	0.000118	0.000000
66	0.000000	0.000657	0.000314	0.000101	0.000059	0.000026	0.000026	0.000018	0.000000	0.000133	0.000000
67	0.000000	0.000721	0.000350	0.000114	0.000072	0.000025	0.000027	0.000024	0.000001	0.000145	0.000000
68	0.000000	0.000814	0.000402	0.000137	0.000081	0.000032	0.000033	0.000026	0.000001	0.000162	0.000000
69	0.000000	0.000935	0.000454	0.000149	0.000091	0.000036	0.000037	0.000032	0.000001	0.000186	0.000000
70	0.000000	0.001062	0.000502	0.000161	0.000105	0.000039	0.000045	0.000035	0.000001	0.000209	0.000000
71	0.000000	0.001179	0.000568	0.000195	0.000104	0.000048	0.000047	0.000043	0.000000	0.000235	0.000000
72	0.000000	0.001342	0.000636	0.000213	0.000128	0.000048	0.000053	0.000042	0.000001	0.000269	0.000000
73	0.000000	0.001495	0.000726	0.000239	0.000145	0.000059	0.000060	0.000055	0.000001	0.000307	0.000000
74	0.000000	0.001695	0.000810	0.000262	0.000161	0.000062	0.000070	0.000057	0.000001	0.000344	0.000000
75	0.000000	0.001877	0.000933	0.000301	0.000188	0.000075	0.000076	0.000067	0.000001	0.000384	0.000000
76	0.000001	0.002154	0.001060	0.000334	0.000207	0.000081	0.000086	0.000072	0.000001	0.000430	0.000000
77	0.000000	0.002412	0.001185	0.000395	0.000232	0.000098	0.000101	0.000083	0.000001	0.000474	0.000000
78	0.000001	0.002725	0.001337	0.000429	0.000265	0.000103	0.000107	0.000098	0.000001	0.000551	0.000000
79	0.000001	0.003042	0.001482	0.000489	0.000293	0.000125	0.000120	0.000104	0.000002	0.000626	0.000000
80	0.000000	0.003432	0.001699	0.000569	0.000345	0.000131	0.000147	0.000117	0.000002	0.000696	0.000000
81	0.000000	0.003885	0.001877	0.000620	0.000385	0.000151	0.000155	0.000138	0.000002	0.000796	0.000000
82	0.000000	0.004381	0.002136	0.000699	0.000417	0.000177	0.000188	0.000151	0.000002	0.000888	0.000000
83	0.000000	0.004855	0.002404	0.000808	0.000487	0.000197	0.000202	0.000180	0.000004	0.001013	0.000000
84	0.000104	0.005451	0.002711	0.000877	0.000538	0.000215	0.000227	0.000093	0.000004	0.001132	0.000104
85	0.000167	0.006107	0.003038	0.001008	0.000596	0.000247	0.000261	0.000051	0.000004	0.001278	0.000167
86	0.000192	0.006765	0.003410	0.001119	0.000687	0.000273	0.000292	0.000058	0.000004	0.001421	0.000192
87	0.000226	0.007517	0.003799	0.001282	0.000782	0.000310	0.000324	0.000057	0.000005	0.001631	0.000226
88	0.000252	0.008328	0.004255	0.001433	0.000861	0.000341	0.000363	0.000065	0.000006	0.001823	0.000252
89	0.000271	0.009216	0.004756	0.001621	0.000972	0.000392	0.000406	0.000073	0.000005	0.002043	0.000271
90	0.000316	0.010139	0.005348	0.001804	0.001092	0.000436	0.000443	0.000080	0.000005	0.002293	0.000316
91	0.000352	0.011174	0.005900	0.002007	0.001211	0.000488	0.000507	0.000079	0.000006	0.002578	0.000351
92	0.000404	0.012330	0.006566	0.002251	0.001352	0.000534	0.000573	0.000082	0.000007	0.002861	0.000403
93	0.000470	0.013489	0.007346	0.002544	0.001518	0.000609	0.000647	0.000082	0.000006	0.003198	0.000470
94	0.000538	0.014820	0.008070	0.002825	0.001694	0.000674	0.000708	0.000085	0.000006	0.003598	0.000537
95	0.000610	0.016141	0.008963	0.003104	0.001861	0.000739	0.000786	0.000086	0.000006	0.003991	0.000610
96	0.000673	0.017518	0.009856	0.003464	0.002104	0.000829	0.000880	0.000086	0.000007	0.004448	0.000672
97	0.000759	0.019016	0.010829	0.003804	0.002316	0.000936	0.000978	0.000092	0.000005	0.004928	0.000758
98	0.000859	0.020439	0.011852	0.004244	0.002525	0.001035	0.001076	0.000088	0.000006	0.005453	0.000859
99	0.000956	0.022051	0.013007	0.004695	0.002802	0.001114	0.001192	0.000092	0.000005	0.006007	0.000955
100	0.001072	0.023628	0.014229	0.005142	0.003063	0.001262	0.001336	0.000086	0.000007	0.006683	0.001071
101	0.001200	0.025149	0.015411	0.005659	0.003370	0.001371	0.001455	0.000096	0.000008	0.007342	0.001200
102	0.001313	0.026638	0.016722	0.006142	0.003720	0.001510	0.001585	0.000101	0.000005	0.008075	0.001313
103	0.001457	0.028027	0.018069	0.006754	0.004047	0.001648	0.001747	0.000086	0.000006	0.008870	0.001457
104	0.001604	0.029300	0.019382	0.007342	0.004415	0.001781	0.001927	0.000087	0.000006	0.009735	0.001603
105	0.001773	0.030450	0.020830	0.007999	0.004781	0.001934	0.002091	0.000087	0.000006	0.010638	0.001773
106	0.001957	0.031432	0.022165	0.008608	0.005206	0.002087	0.002272	0.000082	0.000006	0.011539	0.001955
107	0.002134	0.032280	0.023557	0.009302	0.005613	0.002255	0.002436	0.000083	0.000007	0.012584	0.002133
108	0.002297	0.032900	0.024871	0.009942	0.005956	0.002448	0.002625	0.000080	0.000009	0.013647	0.002297
109	0.002482	0.033494	0.026164	0.010592	0.006367	0.002612	0.002815	0.000085	0.000005	0.014658	0.002480
110	0.002658	0.033555	0.027348	0.011234	0.006776	0.002794	0.003019	0.000087	0.000005	0.015784	0.002658
111	0.002851	0.033670	0.028361	0.011983	0.007181	0.002953	0.003234	0.000088	0.000006	0.016816	0.002850
112	0.003068	0.033401	0.029436	0.012501	0.007518	0.003096	0.003423	0.000089	0.000006	0.017938	0.003067
113	0.003270	0.032761	0.030204	0.013199	0.007936	0.003268	0.003591	0.000083	0.000008	0.019017	0.003268
114	0.003453	0.032100	0.030977	0.013766	0.008240	0.003434	0.003795	0.000082	0.000005	0.020104	0.003451
115	0.003627	0.031036	0.031459	0.014211	0.008548	0.003564	0.003998	0.000085	0.000006	0.021200	0.003625
116	0.003833	0.029852	0.031704	0.014679	0.008809	0.003713	0.004147	0.000086	0.000006	0.022049	0.003831
117	0.003998	0.028521	0.031869	0.015048	0.009086	0.003825	0.004293	0.000089	0.000006	0.022945	0.003997
118	0.004113	0.027192	0.031838	0.015361	0.009263	0.003888	0.004402	0.000087	0.000007	0.023818	0.004111
119	0.004259	0.025569	0.031529	0.015618	0.009354	0.003968	0.004522	0.000091	0.000006	0.024523	0.004257
120	0.004367	0.024008	0.031075	0.015722	0.009432	0.004023	0.004604	0.000086	0.000006	0.025049	0.004365
121	0.004488	0.022225	0.030438	0.015723	0.009392	0.004077	0.004677	0.000082	0.000006	0.025550	0.004485
122	0.004544	0.020559	0.029615	0.015725	0.009402	0.004039	0.004784	0.000092	0.000005	0.026071	0.004542
123	0.004621	0.018978	0.028535	0.015465	0.009328	0.004044	0.004734	0.000082	0.000006	0.026071	0.004618
124	0.004630	0.017358	0.027450	0.015299	0.009121	0.003987	0.004734	0.000086	0.000005	0.026153	0.004628
125	0.004612	0.015861	0.026242	0.014935	0.008941	0.003927	0.004687	0.000082	0.000005	0.025992	0.004609
126	0.004578	0.014402	0.024878	0.014519	0.008654	0.003863	0.004644	0.000085	0.000007	0.025710	0.004575
127	0.004541	0.013121	0.023473	0.013989	0.008358	0.003730	0.004556	0.000090	0.000007	0.025283	0.004538
128	0.004457	0.011792	0.022022	0.013431	0.008074	0.003596	0.004466	0.000084	0.000005	0.024714	0.004454
129	0.004372	0.010713	0.020539	0.012769	0.007697	0.003406	0.004384	0.000087	0.000007	0.024013	0.004368
130	0.004290	0.009625	0.019188	0.012237	0.007261	0.003329	0.004203	0.000088	0.000007	0.023254	0.004287
131	0.004123	0.008715	0.017712	0.011409	0.006885	0.003096	0.004039	0.000087	0.000006	0.022331	0.004119
132	0.003988	0.007822	0.016260	0.010813	0.006513	0.002940	0.003958	0.000091	0.000005	0.021324	0.003985
133	0.003857	0.007076	0.014932	0.010079	0.006062	0.002765	0.003730	0.000087	0.000007	0.020350	0.003853
134	0.003683	0.006340	0.013623	0.009295	0.005631	0.002604	0.003554	0.000087	0.000007	0.019209	0.003680
135	0.003474	0.005735	0.012473	0.008683	0.005219	0.002392	0.003350	0.000087	0.000007	0.018073	0.003469
136	0.003279	0.005213	0.011275	0.007982	0.004788	0.002237	0.003153	0.000092	0.000006	0.017004	0.003277
137	0.003105	0.004653	0.010295	0.007321	0.004397	0.002065	0.002989	0.000082	0.000007	0.015812	0.003100
138	0.002934	0.004190	0.009296	0.006696	0.004021	0.001867	0.002773	0.000094	0.000007	0.014685	0.002931
139	0.002713	0.003786	0.008406	0.006142	0.003701	0.001747	0.002594	0.000089	0.000006	0.013609	0.002709
140	0.002544	0.003420	0.007582	0.005565	0.003353	0.001597	0.002401	0.000086	0.000007	0.012491	0.002540
141	0.002344	0.003042	0.006833	0.005045	0.002999	0.001466	0.002229	0.000085	0.000007	0.011494	0.002342
142	0.002191	0.002750	0.006190	0.004572	0.002760	0.001309	0.002076	0.000086	0.000006	0.010561	0.002188
143	0.002021	0.002454	0.005556	0.004169	0.002498	0.001191	0.001922	0.000082	0.000006	0.009574	0.002019
144	0.001877	0.002200	0.005016	0.003752	0.002238	0.001081	0.001774	0.000080	0.000007	0.008745	0.001872
145	0.001695	0.001988	0.004472	0.003381	0.002023	0.000980	0.001619	0.000093	0.000007	0.007952	0.001692
146	0.001581	0.001807	0.004041	0.003052	0.001820	0.000873	0.001479	0.000089	0.000008	0.007270	0.001577
147	0.001409	0.001601	0.003677	0.002761	0.001659	0.000811	0.001360	0.000089	0.000007	0.006535	0.001406
148	0.001294	0.001452	0.003268	0.002471	0.001497	0.000721	0.001224	0.000087	0.000007	0.005932	0.001290
149	0.001181	0.001284	0.002953	0.002214	0.001341	0.000642	0.001137	0.000084	0.000009	0.005368	0.001178
150	0.001058	0.001153	0.002672	0.001992	0.001196	0.000587	0.001022	0.000094	0.000007	0.004847	0.001054
151	0.000971	0.001028	0.002364	0.001807	0.001091	0.000523	0.000927	0.000087	0.000009	0.004345	0.000969
152	0.000863	0.000923	0.002165	0.001614	0.000964	0.000479	0.000845	0.000086	0.000008	0.003926	0.000859
153	0.000783	0.000827	0.001915	0.001479	0.000889	0.000422	0.000759	0.000083	0.000006	0.003555	0.000781
154	0.000693	0.000746	0.001739	0.001341	0.000791	0.000393	0.000698	0.000084	0.000009	0.003229	0.000691
155	0.000630	0.000664	0.001525	0.001174	0.000713	0.000348	0.000632	0.000090	0.000009	0.002937	0.000627
156	0.000557	0.000594	0.001387	0.001068	0.000635	0.000297	0.000582	0.000087	0.000009	0.002621	0.000554
157	0.000524	0.000546	0.001251	0.000958	0.000561	0.000272	0.000502	0.000090	0.000008	0.002343	0.000521
158	0.000433	0.000487	0.001125	0.000850	0.000511	0.000257	0.000463	0.000087	0.000010	0.002141	0.000430
159	0.000390	0.000436	0.001000	0.000771	0.000471	0.000225	0.000419	0.000086	0.000009	0.001918	0.000389
160	0.000352	0.000381	0.000896	0.000677	0.000412	0.000199	0.000385	0.000081	0.000010	0.001759	0.000350
161	0.000303	0.000348	0.000816	0.000617	0.000374	0.000178	0.000338	0.000093	0.000012	0.001555	0.000300
162	0.000267	0.000308	0.000713	0.000550	0.000333	0.000166	0.000309	0.000088	0.000011	0.001404	0.000265
163	0.000241	0.000272	0.000663	0.000509	0.000294	0.000148	0.000271	0.000084	0.000009	0.001264	0.000238
164	0.000198	0.000254	0.000586	0.000440	0.000278	0.000126	0.000247	0.000088	0.000010	0.001165	0.000196
165	0.000164	0.000228	0.000528	0.000404	0.000253	0.000116	0.000219	0.000090	0.000010	0.001030	0.000160
166	0.000152	0.000201	0.000464	0.000360	0.000210	0.000100	0.000203	0.000082	0.000012	0.000955	0.000151
167	0.000126	0.000182	0.000423	0.000327	0.000192	0.000090	0.000190	0.000087	0.000010	0.000853	0.000124
168	0.000117	0.000161	0.000380	0.000287	0.000173	0.000086	0.000158	0.000083	0.000011	0.000779	0.000115
169	0.000088	0.000146	0.000338	0.000268	0.000152	0.000076	0.000149	0.000085	0.000011	0.000698	0.000085
170	0.000072	0.000132	0.000313	0.000232	0.000137	0.000074	0.000132	0.000086	0.000012	0.000631	0.000070
171	0.000059	0.000118	0.000275	0.000205	0.000127	0.000066	0.000116	0.000087	0.000012	0.000590	0.000056
172	0.000044	0.000112	0.000236	0.000192	0.000112	0.000051	0.000106	0.000085	0.000011	0.000519	0.000042
173	0.000032	0.000101	0.000220	0.000169	0.000101	0.000050	0.000089	0.000085	0.000013	0.000477	0.000029
174	0.000011	0.000094	0.000191	0.000149	0.000093	0.000043	0.000088	0.000088	0.000015	0.000436	0.000009
175	0.000009	0.000082	0.000174	0.000139	0.000079	0.000041	0.000080	0.000091	0.000011	0.000393	0.000007
176	0.000010	0.000074	0.000161	0.000118	0.000074	0.000033	0.000066	0.000081	0.000013	0.000366	0.000008
177	0.000010	0.000063	0.000151	0.000109	0.000067	0.000032	0.000062	0.000069	0.000015	0.000336	0.000007
178	0.000008	0.000061	0.000130	0.000092	0.000051	0.000028	0.000054	0.000062	0.000017	0.000322	0.000006
179	0.000008	0.000056	0.000118	0.000088	0.000057	0.000026	0.000050	0.000054	0.000015	0.000267	0.000006
180	0.000014	0.000046	0.000099	0.000077	0.000049	0.000020	0.000044	0.000053	0.000010	0.000258	0.000012
181	0.000015	0.000049	0.000102	0.000072	0.000045	0.000020	0.000040	0.000046	0.000010	0.000242	0.000013
182	0.000012	0.000042	0.000090	0.000068	0.000041	0.000022	0.000037	0.000039	0.000011	0.000234	0.000010
183	0.000011	0.000038	0.000075	0.000063	0.000034	0.000018	0.000033	0.000037	0.000011	0.000205	0.000009
184	0.000017	0.000035	0.000071	0.000055	0.000030	0.000014	0.000029	0.000033	0.000010	0.000195	0.000015
185	0.000013	0.000030	0.000070	0.000048	0.000028	0.000012	0.000026	0.000030	0.000013	0.000182	0.000011
186	0.000010	0.000029	0.000058	0.000046	0.000026	0.000012	0.000023	0.000027	0.000012	0.000172	0.000009
187	0.000012	0.000025	0.000054	0.000039	0.000025	0.000010	0.000020	0.000023	0.000011	0.000156	0.000010
188	0.000012	0.000025	0.000045	0.000033	0.000021	0.000011	0.000021	0.000020	0.000011	0.000145	0.000010
189	0.000013	0.000022	0.000042	0.000034	0.000021	0.000009	0.000020	0.000022	0.000010	0.000138	0.000010
190	0.000013	0.000019	0.000039	0.000026	0.000017	0.000009	0.000015	0.000019	0.000010	0.000120	0.000011
191	0.000012	0.000019	0.000039	0.000024	0.000016	0.000007	0.000015	0.000016	0.000010	0.000116	0.000009
192	0.000010	0.000015	0.000035	0.000025	0.000015	0.000006	0.000013	0.000016	0.000009	0.000101	0.000009
193	0.000010	0.000015	0.000031	0.000020	0.000012	0.000006	0.000010	0.000013	0.000009	0.000100	0.000008
194	0.000012	0.000015	0.000028	0.000021	0.000012	0.000007	0.000010	0.000011	0.000009	0.000089	0.000009
195	0.000012	0.000015	0.000027	0.000018	0.000010	0.000005	0.000010	0.000010	0.000007	0.000084	0.000010
196	0.000011	0.000014	0.000022	0.000015	0.000010	0.000004	0.000010	0.000009	0.000009	0.000080	0.000010
197	0.000011	0.000009	0.000021	0.000014	0.000008	0.000004	0.000009	0.000009	0.000007	0.000070	0.000009
198	0.000011	0.000010	0.000019	0.000014	0.000009	0.000004	0.000008	0.000010	0.000005	0.000059	0.000010
199	0.000012	0.000010	0.000019	0.000012	0.000007	0.000004	0.000007	0.000008	0.000006	0.000058	0.000010
200	0.000012	0.000007	0.000014	0.000010	0.000007	0.000004	0.000005	0.000007	0.000005	0.000052	0.000010
201	0.000013	0.000008	0.000014	0.000009	0.000006	0.000002	0.000006	0.000006	0.000006	0.000045	0.000011
202	0.000012	0.000009	0.000014	0.000011	0.000005	0.000002	0.000006	0.000006	0.000005	0.000042	0.000009
203	0.000011	0.000006	0.000012	0.000010	0.000006	0.000002	0.000005	0.000006	0.000002	0.000038	0.000009
204	0.000010	0.000006	0.000011	0.000007	0.000004	0.000002	0.000004	0.000005	0.000003	0.000038	0.000009
205	0.000009	0.000007	0.000012	0.000007	0.000004	0.000002	0.000004	0.000005	0.000004	0.000032	0.000008
206	0.000009	0.000003	0.000009	0.000008	0.000003	0.000002	0.000004	0.000003	0.000003	0.000031	0.000007
207	0.000010	0.000005	0.000009	0.000006	0.000004	0.000002	0.000004	0.000004	0.000003	0.000026	0.000009
208	0.000009	0.000004	0.000009	0.000006	0.000003	0.000002	0.000002	0.000004	0.000002	0.000025	0.000008
209	0.000010	0.000006	0.000007	0.000005	0.000002	0.000000	0.000003	0.000003	0.000003	0.000023	0.000007
210	0.000008	0.000004	0.000006	0.000006	0.000003	0.000001	0.000003	0.000003	0.000002	0.000020	0.000006
211	0.000009	0.000003	0.000007	0.000004	0.000004	0.000002	0.000003	0.000003	0.000002	0.000021	0.000007
212	0.000009	0.000003	0.000005	0.000004	0.000002	0.000001	0.000002	0.000003	0.000001	0.000018	0.000007
213	0.000009	0.000002	0.000005	0.000003	0.000003	0.000001	0.000001	0.000002	0.000002	0.000016	0.000007
214	0.000009	0.000003	0.000005	0.000004	0.000002	0.000001	0.000002	0.000002	0.000001	0.000014	0.000008
215	0.000007	0.000003	0.000005	0.000003	0.000002	0.000000	0.000001	0.000002	0.000001	0.000010	0.000005
216	0.000008	0.000003	0.000005	0.000004	0.000002	0.000001	0.000001	0.000001	0.000001	0.000013	0.000005
217	0.000008	0.000003	0.000004	0.000002	0.000001	0.000000	0.000001	0.000001	0.000001	0.000010	0.000005
218	0.000007	0.000002	0.000003	0.000002	0.000002	0.000000	0.000001	0.000001	0.000001	0.000011	0.000005
219	0.000006	0.000002	0.000004	0.000002	0.000001	0.000000	0.000001	0.000001	0.000001	0.000009	0.000004
220	0.000006	0.000001	0.000002	0.000002	0.000001	0.000001	0.000001	0.000001	0.000001	0.000009	0.000003
221	0.000005	0.000001	0.000003	0.000002	0.000001	0.000001	0.000001	0.000001	0.000001	0.000008	0.000003
222	0.000005	0.000001	0.000003	0.000002	0.000001	0.000000	0.000001	0.000001	0.000000	0.000008	0.000003
223	0.000005	0.000001	0.000002	0.000002	0.000001	0.000001	0.000001	0.000001	0.000001	0.000007	0.000004
224	0.000004	0.000001	0.000002	0.000001	0.000001	0.000000	0.000001	0.000000	0.000000	0.000006	0.000003
225	0.000006	0.000001	0.000002	0.000001	0.000001	0.000001	0.000001	0.000001	0.000000	0.000006	0.000004
226	0.000005	0.000001	0.000002	0.000002	0.000001	0.000001	0.000001	0.000001	0.000000	0.000005	0.000003
227	0.000006	0.000001	0.000001	0.000001	0.000001	0.000000	0.000000	0.000001	0.000000	0.000006	0.000003
228	0.000004	0.000001	0.000001	0.000001	0.000001	0.000000	0.000000	0.000000	0.000000	0.000004	0.000002
229	0.000004	0.000000	0.000000	0.000001	0.000000	0.000000	0.000001	0.000000	0.000000	0.000005	0.000001
230	0.000003	0.000001	0.000002	0.000001	0.000001	0.000000	0.000001	0.000001	0.000000	0.000004	0.000002
231	0.000003	0.000000	0.000001	0.000001	0.000000	0.000000	0.000000	0.000001	0.000000	0.000003	0.000002
232	0.000005	0.000001	0.000001	0.000000	0.000000	0.000000	0.000000	0.000000	0.000000	0.000003	0.000001
233	0.000002	0.000001	0.000001	0.000000	0.000000	0.000000	0.000000	0.000000	0.000000	0.000003	0.000001
234	0.000003	0.000001	0.000001	0.000000	0.000000	0.000000	0.000000	0.000000	0.000000	0.000002	0.000001
235	0.000003	0.000000	0.000001	0.000001	0.000000	0.000000	0.000000	0.000000	0.000000	0.000001	0.000001
236	0.000004	0.000000	0.000001	0.000000	0.000000	0.000000	0.000000	0.000000	0.000000	0.000003	0.000001
237	0.000002	0.000001	0.000001	0.000001	0.000000	0.000000	0.000000	0.000000	0.000000	0.000001	0.000000
238	0.000002	0.000000	0.000000	0.000001	0.000000	0.000000	0.000000	0.000000	0.000000	0.000001	0.000001
239	0.000002	0.000000	0.000001	0.000000	0.000000	0.000000	0.000000	0.000000	0.000000	0.000002	0.000001
240	0.000004	0.000000	0.000001	0.000000	0.000000	0.000000	0.000000	0.000000	0.000000	0.000002	0.000001
241	0.000003	0.000000	0.000000	0.000000	0.000000	0.000000	0.000000	0.000000	0.000000	0.000001	0.000001
242	0.000003	0.000000	0.000000	0.000000	0.000000	0.000000	0.000000	0.000000	0.000000	0.000001	0.000001
243	0.000002	0.000000	0.000000	0.000000	0.000000	0.000000	0.000000	0.000000	0.000000	0.000001	0.000001
244	0.000002	0.000000	0.000001	0.000000	0.000000	0.000000	0.000000	0.000000	0.000000	0.000001	0.000000
245	0.000002	0.000000	0.000000	0.000000	0.000000	0.000000	0.000000	0.000000	0.000000	0.000002	0.000000
246	0.000002	0.000000	0.000000	0.000000	0.000000	0.000000	0.000000	0.000000	0.000000	0.000001	0.000000
247	0.000002	0.000000	0.000000	0.000000	0.000000	0.000000	0.000000	0.000000	0.000000	0.000001	0.000000
248	0.000003	0.000000	0.000000	0.000000	0.000000	0.000000	0.000000	0.000000	0.000000	0.000000	0.000000
249	0.000002	0.000000	0.000001	0.000000	0.000000	0.000000	0.000000	0.000000	0.000000	0.000001	0.000000
250	0.000003	0.000000	0.000000	0.000000	0.000000	0.000000	0.000000	0.000000	0.000000	0.000001	0.000000
251	0.000001	0.000000	0.000000	0.000000	0.000000	0.000000	0.000000	0.000000	0.000000	0.000001	0.000000
252	0.000002	0.000000	0.000000	0.000000	0.000000	0.000000	0.000000	0.000000	0.000000	0.000000	0.000000
253	0.000002	0.000000	0.000000	0.000000	0.000000	0.000000	0.000000	0.000000	0.000000	0.000000	0.000000
254	0.000002	0.000000	0.000000	0.000000	0.000000	0.000000	0.000000	0.000000	0.000000	0.000000	0.000000
255	0.000002	0.000000	0.000000	0.000000	0.000000	0.000000	0.000000	0.000000	0.000000	0.000000	0.000000
256	0.000001	0.000000	0.000000	0.000000	0.000000	0.000000	0.000000	0.000000	0.000000	0.000000	0.000000
257	0.000003	0.000000	0.000000	0.000000	0.000000	0.000000	0.000000	0.000000	0.000000	0.000000	0.000000
258	0.000002	0.000000	0.000000	0.000000	0.000000	0.000000	0.000000	0.000000	0.000000	0.000001	0.000000
259	0.000001	0.000000	0.000000	0.000000	0.000000	0.000000	0.000000	0.000000	0.000000	0.000000	0.000000
260	0.000002	0.000000	0.000000	0.000000	0.000000	0.000000	0.000000	0.000000	0.000000	0.000000	0.000000
261	0.000003	0.000000	0.000000	0.000000	0.000000	0.000000	0.000000	0.000000	0.000000	0.000000	0.000000
262	0.000003	0.000000	0.000000	0.000000	0.000000	0.000000	0.000000	0.000000	0.000000	0.000001	0.000000
263	0.000001	0.000000	0.000000	0.000000	0.000000	0.000000	0.000000	0.000000	0.000000	0.000000	0.000000
264	0.000002	0.000000	0.000000	0.000000	0.000000	0.000000	0.000000	0.000000	0.000000	0.000000	0.000000
265	0.000002	0.000000	0.000000	0.000000	0.000000	0.000000	0.000000	0.000000	0.000000	0.000000	0.000000
266	0.000002	0.000000	0.000000	0.000000	0.000000	0.000000	0.000000	0.000000	0.000000	0.000000	0.000000
267	0.000001	0.000000	0.000000	0.000000	0.000000	0.000000	0.000000	0.000000	0.000000	0.000000	0.000000
268	0.000002	0.000000	0.000000	0.000000	0.000000	0.000000	0.000000	0.000000	0.000000	0.000000	0.000000
269	0.000001	0.000000	0.000000	0.000000	0.000000	0.000000	0.000000	0.000000	0.000000	0.000000	0.000000
270	0.000001	0.000000	0.000000	0.000000	0.000000	0.000000	0.000000	0.000000	0.000000	0.000000	0.000000
271	0.000002	0.000000	0.000000	0.000000	0.000000	0.000000	0.000000	0.000000	0.000000	0.000000	0.000000
272	0.000001	0.000000	0.000000	0.000000	0.000000	0.000000	0.000000	0.000000	0.000000	0.000000	0.000000
273	0.000003	0.000000	0.000000	0.000000	0.000000	0.000000	0.000000	0.000000	0.000000	0.000000	0.000000
274	0.000002	0.000000	0.000000	0.000000	0.000000	0.000000	0.000000	0.000000	0.000000	0.000000	0.000000
275	0.000001	0.000000	0.000000	0.000000	0.000000	0.000000	0.000000	0.000000	0.000000	0.000000	0.000000
276	0.000002	0.000000	0.000000	0.000000	0.000000	0.000000	0.000000	0.000000	0.000000	0.000000	0.000000
277	0.000002	0.000000	0.000000	0.000000	0.000000	0.000000	0.000000	0.000000	0.000000	0.000000	0.000000
278	0.000003	0.000000	0.000000	0.000000	0.000000	0.000000	0.000000	0.000000	0.000000	0.000000	0.000000
279	0.000002	0.000000	0.000000	0.000000	0.000000	0.000000	0.000000	0.000000	0.000000	0.000000	0.000000
280	0.000002	0.000000	0.000000	0.000000	0.000000	0.000000	0.000000	0.000000	0.000000	0.000000	0.000000
281	0.000002	0.000000	0.000000	0.000000	0.000000	0.000000	0.000000	0.000000	0.000000	0.000000	0.000000
282	0.000003	0.000000	0.000000	0.000000	0.000000	0.000000	0.000000	0.000000	0.000000	0.000000	0.000000
283	0.000002	0.000000	0.000000	0.000000	0.000000	0.000000	0.000000	0.000000	0.000000	0.000000	0.000000
284	0.000002	0.000000	0.000000	0.000000	0.000000	0.000000	0.000000	0.000000	0.000000	0.000000	0.000000
285	0.000002	0.000000	0.000000	0.000000	0.000000	0.000000	0.000000	0.000000	0.000000	0.000000	0.000000
286	0.000002	0.000000	0.000000	0.000000	0.000000	0.000000	0.000000	0.000000	0.000000	0.000000	0.000000
287	0.000002	0.000000	0.000000	0.000000	0.000000	0.000000	0.000000	0.000000	0.000000	0.000000	0.000000
288	0.000001	0.000000	0.000000	0.000000	0.000000	0.000000	0.000000	0.000000	0.000000	0.000000	0.000000
289	0.000002	0.000000	0.000000	0.000000	0.000000	0.000000	0.000000	0.000000	0.000000	0.000000	0.000000
290	0.000001	0.000000	0.000000	0.000000	0.000000	0.000000	0.000000	0.000000	0.000000	0.000000	0.000000
291	0.000002	0.000000	0.000000	0.000000	0.000000	0.000000	0.000000	0.000000	0.000000	0.000000	0.000000
292	0.000002	0.000000	0.000000	0.000000	0.000000	0.000000	0.000000	0.000000	0.000000	0.000000	0.000000
293	0.000002	0.000000	0.000000	0.000000	0.000000	0.000000	0.000000	0.000000	0.000000	0.000000	0.000000
294	0.000003	0.000000	0.000000	0.000000	0.000000	0.000000	0.000000	0.000000	0.000000	0.000000	0.000000
295	0.000002	0.000000	0.000000	0.000000	0.000000	0.000000	0.000000	0.000000	0.000000	0.000000	0.000000
296	0.000002	0.000000	0.000000	0.000000	0.000000	0.000000	0.000000	0.000000	0.000000	0.000000	0.000000
297	0.000003	0.000000	0.000000	0.000000	0.000000	0.000000	0.000000	0.000000	0.000000	0.000000	0.000000
298	0.000002	0.000000	0.000000	0.000000	0.000000	0.000000	0.000000	0.000000	0.000000	0.000000	0.000000
299	0.000001	0.000000	0.000000	0.000000	0.000000	0.000000	0.000000	0.000000	0.000000	0.000000	0.000000
300	0.000002	0.000000	0.000000	0.000000	0.000000	0.000000	0.000000	0.000000	0.000000	0.000000	0.000000
301	0.000002	0.000000	0.000000	0.000000	0.000000	0.000000	0.000000	0.000000	0.000000	0.000000	0.000000
302	0.000002	0.000000	0.000000	0.000000	0.000000	0.000000	0.000000	0.000000	0.000000	0.000000	0.000000
303	0.000001	0.000000	0.000000	0.000000	0.000000	0.000000	0.000000	0.000000	0.000000	0.000000	0.000000
304	0.000003	0.000000	0.000000	0.000000	0.000000	0.000000	0.000000	0.000000	0.000000	0.000000	0.000000
305	0.000003	0.000000	0.000000	0.000000	0.000000	0.000000	0.000000	0.000000	0.000000	0.000000	0.000000
306	0.000002	0.000000	0.000000	0.000000	0.000000	0.000000	0.000000	0.000000	0.000000	0.000000	0.000000
307	0.000001	0.000000	0.000000	0.000000	0.000000	0.000000	0.000000	0.000000	0.000000	0.000000	0.000000
308	0.000002	0.000000	0.000000	0.000000	0.000000	0.000000	0.000000	0.000000	0.000000	0.000000	0.000000
309	0.000002	0.000000	0.000000	0.000000	0.000000	0.000000	0.000000	0.000000	0.000000	0.000000	0.000000
310	0.000002	0.000000	0.000000	0.000000	0.000000	0.000000	0.000000	0.000000	0.000000	0.000000	0.000000
311	0.000002	0.000000	0.000000	0.000000	0.000000	0.000000	0.000000	0.000000	0.000000	0.000000	0.000000
312	0.000002	0.000000	0.000000	0.000000	0.000000	0.000000	0.000000	0.000000	0.000000	0.000000	0.000000
313	0.000002	0.000000	0.000000	0.000000	0.000000	0.000000	0.000000	0.000000	0.000000	0.000000	0.000000
314	0.000002	0.000000	0.000000	0.000000	0.000000	0.000000	0.000000	0.000000	0.000000	0.000000	0.000000
315	0.000002	0.000000	0.000000	0.000000	0.000000	0.000000	0.000000	0.000000	0.000000	0.000000	0.000000
316	0.000003	0.000000	0.000000	0.000000	0.000000	0.000000	0.000000	0.000000	0.000000	0.000000	0.000000
317	0.000002	0.000000	0.000000	0.000000	0.000000	0.000000	0.000000	0.000000	0.000000	0.000000	0.000000
318	0.000002	0.000000	0.000000	0.000000	0.000000	0.000000	0.000000	0.000000	0.000000	0.000000	0.000000
319	0.000002	0.000000	0.000000	0.000000	0.000000	0.000000	0.000000	0.000000	0.000000	0.000000	0.000000
320	0.000001	0.000000	0.000000	0.000000	0.000000	0.000000	0.000000	0.000000	0.000000	0.000000	0.000000
321	0.000003	0.000000	0.000000	0.000000	0.000000	0.000000	0.000000	0.000000	0.000000	0.000000	0.000000
322	0.000002	0.000000	0.000000	0.000000	0.000000	0.000000	0.000000	0.000000	0.000000	0.000000	0.000000
323	0.000002	0.000000	0.000000	0.000000	0.000000	0.000000	0.000000	0.000000	0.000000	0.000000	0.000000
324	0.000002	0.000000	0.000000	0.000000	0.000000	0.000000	0.000000	0.000000	0.000000	0.000000	0.000000
325	0.000002	0.000000	0.000000	0.000000	0.000000	0.000000	0.000000	0.000000	0.000000	0.000000	0.000000
326	0.000002	0.000000	0.000000	0.000000	0.000000	0.000000	0.000000	0.000000	0.000000	0.000000	0.000000
327	0.000001	0.000000	0.000000	0.000000	0.000000	0.000000	0.000000	0.000000	0.000000	0.000000	0.000000
328	0.000002	0.000000	0.000000	0.000000	0.000000	0.000000	0.000000	0.000000	0.000000	0.000000	0.000000
329	0.000001	0.000000	0.000000	0.000000	0.000000	0.000000	0.000000	0.000000	0.000000	0.000000	0.000000
330	0.000002	0.000000	0.000000	0.000000	0.000000	0.000000	0.000000	0.000000	0.000000	0.000000	0.000000
331	0.000001	0.000000	0.000000	0.000000	0.000000	0.000000	0.000000	0.000000	0.000000	0.000000	0.000000
332	0.000003	0.000000	0.000000	0.000000	0.000000	0.000000	0.000000	0.000000	0.000000	0.000000	0.000000
333	0.000001	0.000000	0.000000	0.000000	0.000000	0.000000	0.000000	0.000000	0.000000	0.000000	0.000000
334	0.000002	0.000000	0.000000	0.000000	0.000000	0.000000	0.000000	0.000000	0.000000	0.000000	0.000000
335	0.000002	0.000000	0.000000	0.000000	0.000000	0.000000	0.000000	0.000000	0.000000	0.000000	0.000000
336	0.000002	0.000000	0.000000	0.000000	0.000000	0.000000	0.000000	0.000000	0.000000	0.000000	0.000000
337	0.000002	0.000000	0.000000	0.000000	0.000000	0.000000	0.000000	0.000000	0.000000	0.000000	0.000000
338	0.000002	0.000000	0.000000	0.000000	0.000000	0.000000	0.000000	0.000000	0.000000	0.000000	0.000000
339	0.000002	0.000000	0.000000	0.000000	0.000000	0.000000	0.000000	0.000000	0.000000	0.000000	0.000000
340	0.000002	0.000000	0.000000	0.000000	0.000000	0.000000	0.000000	0.000000	0.000000	0.000000	0.000000
341	0.000002	0.000000	0.000000	0.000000	0.000000	0.000000	0.000000	0.000000	0.000000	0.000000	0.000000
342	0.000002	0.000000	0.000000	0.000000	0.000000	0.000000	0.000000	0.000000	0.000000	0.000000	0.000000
343	0.000002	0.000000	0.000000	0.000000	0.000000	0.000000	0.000000	0.000000	0.000000	0.000000	0.000000
344	0.000002	0.000000	0.000000	0.000000	0.000000	0.000000	0.000000	0.000000	0.000000	0.000000	0.000000
345	0.000002	0.000000	0.000000	0.000000	0.000000	0.000000	0.000000	0.000000	0.000000	0.000000	0.000000
346	0.000002	0.000000	0.000000	0.000000	0.000000	0.000000	0.000000	0.000000	0.000000	0.000000	0.000000
347	0.000001	0.000000	0.000000	0.000000	0.000000	0.000000	0.000000	0.000000	0.000000	0.000000	0.000000
348	0.000001	0.000000	0.000000	0.000000	0.000000	0.000000	0.000000	0.000000	0.000000	0.000000	0.000000
349	0.000001	0.000000	0.000000	0.000000	0.000000	0.000000	0.000000	0.000000	0.000000	0.000000	0.000000
350	0.000002	0.000000	0.000000	0.000000	0.000000	0.000000	0.000000	0.000000	0.000000	0.000000	0.000000
351	0.000001	0.000000	0.000000	0.000000	0.000000	0.000000	0.000000	0.000000	0.000000	0.000000	0.000000
352	0.000002	0.000000	0.000000	0.000000	0.000000	0.000000	0.000000	0.000000	0.000000	0.000000	0.000000
353	0.000001	0.000000	0.000000	0.000000	0.000000	0.000000	0.000000	0.000000	0.000000	0.000000	0.000000
354	0.000003	0.000000	0.000000	0.000000	0.000000	0.000000	0.000000	0.000000	0.000000	0.000000	0.000000
355	0.000002	0.000000	0.000000	0.000000	0.000000	0.000000	0.000000	0.000000	0.000000	0.000000	0.000000
356	0.000002	0.000000	0.000000	0.000000	0.000000	0.000000	0.000000	0.000000	0.000000	0.000000	0.000000
357	0.000003	0.000000	0.000000	0.000000	0.000000	0.000000	0.000000	0.000000	0.000000	0.000000	0.000000
358	0.000002	0.000000	0.000000	0.000000	0.000000	0.000000	0.000000	0.000000	0.000000	0.000000	0.000000
359	0.000003	0.000000	0.000000	0.000000	0.000000	0.000000	0.000000	0.000000	0.000000	0.000000	0.000000
360	0.000002	0.000000	0.000000	0.000000	0.000000	0.000000	0.000000	0.000000	0.000000	0.000000	0.000000
361	0.000002	0.000000	0.000000	0.000000	0.000000	0.000000	0.000000	0.000000	0.000000	0.000000	0.000000
362	0.000002	0.000000	0.000000	0.000000	0.000000	0.000000	0.000000	0.000000	0.000000	0.000000	0.000000
363	0.000002	0.000000	0.000000	0.000000	0.000000	0.000000	0.000000	0.000000	0.000000	0.000000	0.000000
364	0.000002	0.000000	0.000000	0.000000	0.000000	0.000000	0.000000	0.000000	0.000000	0.000000	0.000000
365	0.000002	0.000000	0.000000	0.000000	0.000000	0.000000	0.000000	0.000000	0.000000	0.000000	0.000000
366	0.000005	0.000000	0.000000	0.000000	0.000000	0.000000	0.000000	0.000000	0.000000	0.000000	0.000000
367	0.000002	0.000000	0.000000	0.000000	0.000000	0.000000	0.000000	0.000000	0.000000	0.000000	0.000000
368	0.000002	0.000000	0.000000	0.000000	0.000000	0.000000	0.000000	0.000000	0.000000	0.000000	0.000000
369	0.000002	0.000000	0.000000	0.000000	0.000000	0.000000	0.000000	0.000000	0.000000	0.000000	0.000000
370	0.000002	0.000000	0.000000	0.000000	0.000000	0.000000	0.000000	0.000000	0.000000	0.000000	0.000000
371	0.000002	0.000000	0.000000	0.000000	0.000000	0.000000	0.000000	0.000000	0.000000	0.000000	0.000000
372	0.000002	0.000000	0.000000	0.000000	0.000000	0.000000	0.000000	0.000000	0.000000	0.000000	0.000000
373	0.000002	0.000000	0.000000	0.000000	0.000000	0.000000	0.000000	0.000000	0.000000	0.000000	0.000000
374	0.000002	0.000000	0.000000	0.000000	0.000000	0.000000	0.000000	0.000000	0.000000	0.000000	0.000000
375	0.000002	0.000000	0.000000	0.000000	0.000000	0.000000	0.000000	0.000000	0.000000	0.000000	0.000000
376	0.000002	0.000000	0.000000	0.000000	0.000000	0.000000	0.000000	0.000000	0.000000	0.000000	0.000000
377	0.000003	0.000000	0.000000	0.000000	0.000000	0.000000	0.000000	0.000000	0.000000	0.000000	0.000000
378	0.000002	0.000000	0.000000	0.000000	0.000000	0.000000	0.000000	0.000000	0.000000	0.000000	0.000000
379	0.000003	0.000000	0.000000	0.000000	0.000000	0.000000	0.000000	0.000000	0.000000	0.000000	0.000000
380	0.000002	0.000000	0.000000	0.000000	0.000000	0.000000	0.000000	0.000000	0.000000	0.000000	0.000000
381	0.000002	0.000000	0.000000	0.000000	0.000000	0.000000	0.000000	0.000000	0.000000	0.000000	0.000000
382	0.000002	0.000000	0.000000	0.000000	0.000000	0.000000	0.000000	0.000000	0.000000	0.000000	0.000000
383	0.000002	0.000000	0.000000	0.000000	0.000000	0.000000	0.000000	0.000000	0.000000	0.000000	0.000000
384	0.000002	0.000000	0.000000	0.000000	0.000000	0.000000	0.000000	0.000000	0.000000	0.000000	0.000000
385	0.000002	0.000000	0.000000	0.000000	0.000000	0.000000	0.000000	0.000000	0.000000	0.000000	0.000000
386	0.000002	0.000000	0.000000	0.000000	0.000000	0.000000	0.000000	0.000000	0.000000	0.000000	0.000000
387	0.000001	0.000000	0.000000	0.000000	0.000000	0.000000	0.000000	0.000000	0.000000	0.000000	0.000000
388	0.000002	0.000000	0.000000	0.000000	0.000000	0.000000	0.000000	0.000000	0.000000	0.000000	0.000000
389	0.000002	0.000000	0.000000	0.000000	0.000000	0.000000	0.000000	0.000000	0.000000	0.000000	0.000000
390	0.000001	0.000000	0.000000	0.000000	0.000000	0.000000	0.000000	0.000000	0.000000	0.000000	0.000000
391	0.000002	0.000000	0.000000	0.000000	0.000000	0.000000	0.000000	0.000000	0.000000	0.000000	0.000000
392	0.000002	0.000000	0.000000	0.000000	0.000000	0.000000	0.000000	0.000000	0.000000	0.000000	0.000000
393	0.000002	0.000000	0.000000	0.000000	0.000000	0.000000	0.000000	0.000000	0.000000	0.000000	0.000000
394	0.000002	0.000000	0.000000	0.000000	0.000000	0.000000	0.000000	0.000000	0.000000	0.000000	0.000000
395	0.000002	0.000000	0.000000	0.000000	0.000000	0.000000	0.000000	0.000000	0.000000	0.000000	0.000000
396	0.000002	0.000000	0.000000	0.000000	0.000000	0.000000	0.000000	0.000000	0.000000	0.000000	0.000000
397	0.000001	0.000000	0.000000	0.000000	0.000000	0.000000	0.000000	0.000000	0.000000	0.000000	0.000000
398	0.000003	0.000000	0.000000	0.000000	0.000000	0.000000	0.000000	0.000000	0.000000	0.000000	0.000000
399	0.000001	0.000000	0.000000	0.000000	0.000000	0.000000	0.000000	0.000000	0.000000	0.000000	0.000000
400	0.000001	0.000000	0.000000	0.000000	0.000000	0.000000	0.000000	0.000000	0.000000	0.000000	0.000000
