0	0.000000	0.000000	0.000000	0.000000	0.000000	0.000000	0.000000	0.000000	0.000000	0.000000	0.000000
0	0.004636	0.000000	0.000000	0.000000	0.000000	0.000000	0.000000	0.000000	0.000000	0.000000	0.000000
1	0.000000	0.000000	0.000000	0.000000	0.000000	0.000000	0.000000	0.000000	0.000000	0.000000	0.000000
2	0.000000	0.000000	0.000000	0.000000	0.000000	0.000000	0.000000	0.000000	0.000000	0.000000	0.000000
3	0.000000	0.000000	0.000000	0.000000	0.000000	0.000000	0.000000	0.000000	0.000000	0.000000	0.000000
4	0.000000	0.000000	0.000000	0.000000	0.000000	0.000000	0.000000	0.000000	0.000000	0.000000	0.000000
5	0.000000	0.000000	0.000000	0.000000	0.000000	0.000000	0.000000	0.000000	0.000000	0.000000	0.000000
6	0.000000	0.000000	0.000000	0.000000	0.000000	0.000000	0.000000	0.000000	0.000000	0.000000	0.000000
7	0.000000	0.000000	0.000000	0.000000	0.000000	0.000000	0.000000	0.000000	0.000000	0.000000	0.000000
8	0.000000	0.000000	0.000000	0.000000	0.000000	0.000000	0.000000	0.000000	0.000000	0.000000	0.000000
9	0.000000	0.000000	0.000000	0.000000	0.000000	0.000000	0.000000	0.000000	0.000000	0.000000	0.000000
10	0.000000	0.000000	0.000000	0.000000	0.000000	0.000000	0.000000	0.000000	0.000000	0.000000	0.000000
11	0.000000	0.000000	0.000000	0.000000	0.000000	0.000000	0.000000	0.000000	0.000000	0.000000	0.000000
12	0.000000	0.000001	0.000000	0.000000	0.000000	0.000000	0.000000	0.000000	0.000000	0.000000	0.000000
13	0.000000	0.000001	0.000000	0.000000	0.000000	0.000000	0.000000	0.000000	0.000000	0.000000	0.000000
14	0.000000	0.000001	0.000000	0.000000	0.000000	0.000000	0.000000	0.000000	0.000000	0.000000	0.000000
15	0.000000	0.000001	0.000000	0.000000	0.000000	0.000000	0.000000	0.000000	0.000000	0.000000	0.000000
16	0.000000	0.000001	0.000000	0.000000	0.000000	0.000000	0.000000	0.000000	0.000000	0.000000	0.000000
17	0.000000	0.000001	0.000000	0.000000	0.000000	0.000000	0.000000	0.000000	0.000000	0.000000	0.000000
18	0.000000	0.000002	0.000000	0.000000	0.000000	0.000000	0.000000	0.000000	0.000000	0.000000	0.000000
19	0.000000	0.000001	0.000000	0.000000	0.000000	0.000000	0.000000	0.000000	0.000000	0.000000	0.000000
20	0.000000	0.000001	0.000001	0.000000	0.000000	0.000000	0.000000	0.000000	0.000000	0.000000	0.000000
21	0.000000	0.000001	0.000000	0.000000	0.000000	0.000000	0.000000	0.000000	0.000000	0.000000	0.000000
22	0.000000	0.000002	0.000001	0.000000	0.000000	0.000000	0.000000	0.000000	0.000000	0.000000	0.000000
23	0.000000	0.000003	0.000001	0.000000	0.000000	0.000000	0.000000	0.000000	0.000000	0.000000	0.000000
24	0.000000	0.000002	0.000001	0.000000	0.000000	0.000000	0.000000	0.000000	0.000000	0.000000	0.000000
25	0.000000	0.000002	0.000000	0.000000	0.000000	0.000000	0.000000	0.000000	0.000000	0.000000	0.000000
26	0.000000	0.000002	0.000001	0.000000	0.000000	0.000000	0.000000	0.000000	0.000000	0.000001	0.000000
27	0.000000	0.000003	0.000001	0.000000	0.000000	0.000000	0.000000	0.000000	0.000000	0.000000	0.000000
28	0.000000	0.000003	0.000001	0.000000	0.000000	0.000000	0.000000	0.000000	0.000000	0.000000	0.000000
29	0.000000	0.000004	0.000001	0.000000	0.000000	0.000000	0.000000	0.000000	0.000000	0.000000	0.000000
30	0.000000	0.000006	0.000001	0.000000	0.000000	0.000000	0.000000	0.000000	0.000000	0.000000	0.000000
31	0.000000	0.000005	0.000002	0.000000	0.000000	0.000000	0.000000	0.000000	0.000000	0.000000	0.000000
32	0.000000	0.000004	0.000001	0.000001	0.000000	0.000000	0.000000	0.000000	0.000000	0.000000	0.000000
33	0.000000	0.000006	0.000001	0.000001	0.000001	0.000000	0.000000	0.000000	0.000000	0.000000	0.000000
34	0.000000	0.000005	0.000001	0.000001	0.000000	0.000000	0.000000	0.000000	0.000000	0.000001	0.000000
35	0.000000	0.000006	0.000002	0.000001	0.000000	0.000000	0.000000	0.000000	0.000000	0.000000	0.000000
36	0.000000	0.000006	0.000003	0.000001	0.000000	0.000000	0.000000	0.000000	0.000000	0.000001	0.000000
37	0.000000	0.000008	0.000004	0.000001	0.000000	0.000000	0.000000	0.000000	0.000000	0.000001	0.000000
38	0.000000	0.000009	0.000004	0.000000	0.000000	0.000000	0.000000	0.000000	0.000000	0.000001	0.000000
39	0.000000	0.000009	0.000004	0.000001	0.000001	0.000000	0.000000	0.000000	0.000000	0.000001	0.000000
40	0.000000	0.000012	0.000004	0.000001	0.000000	0.000000	0.000000	0.000000	0.000000	0.000001	0.000000
41	0.000000	0.000011	0.000005	0.000001	0.000001	0.000001	0.000000	0.000000	0.000000	0.000001	0.000000
42	0.000000	0.000014	0.000005	0.000001	0.000001	0.000000	0.000000	0.000000	0.000000	0.000002	0.000000
43	0.000000	0.000018	0.000004	0.000002	0.000001	0.000000	0.000000	0.000000	0.000000	0.000002	0.000000
44	0.000000	0.000017	0.000006	0.000001	0.000001	0.000000	0.000000	0.000000	0.000000	0.000002	0.000000
45	0.000000	0.000019	0.000008	0.000001	0.000001	0.000000	0.000001	0.000000	0.000000	0.000002	0.000000
46	0.000000	0.000023	0.000008	0.000002	0.000002	0.000001	0.000000	0.000001	0.000000	0.000002	0.000000
47	0.000000	0.000025	0.000008	0.000002	0.000001	0.000001	0.000000	0.000000	0.000000	0.000002	0.000000
48	0.000000	0.000027	0.000008	0.000002	0.000002	0.000000	0.000001	0.000000	0.000000	0.000002	0.000000
49	0.000000	0.000029	0.000010	0.000002	0.000001	0.000001	0.000000	0.000001	0.000000	0.000003	0.000000
50	0.000000	0.000036	0.000012	0.000003	0.000002	0.000000	0.000000	0.000000	0.000000	0.000003	0.000000
51	0.000000	0.000037	0.000012	0.000003	0.000002	0.000001	0.000001	0.000000	0.000000	0.000003	0.000000
52	0.000000	0.000041	0.000015	0.000004	0.000003	0.000001	0.000001	0.000001	0.000000	0.000004	0.000000
53	0.000000	0.000046	0.000016	0.000004	0.000003	0.000001	0.000000	0.000001	0.000000	0.000005	0.000000
54	0.000000	0.000046	0.000018	0.000006	0.000004	0.000002	0.000002	0.000000	0.000000	0.000005	0.000000
55	0.000000	0.000058	0.000019	0.000006	0.000003	0.000001	0.000001	0.000002	0.000000	0.000005	0.000000
56	0.000000	0.000064	0.000020	0.000006	0.000004	0.000001	0.000001	0.000001	0.000000	0.000006	0.000000
57	0.000000	0.000069	0.000024	0.000007	0.000004	0.000002	0.000001	0.000001	0.000000	0.000008	0.000000
58	0.000000	0.000074	0.000024	0.000006	0.000004	0.000001	0.000002	0.000000	0.000000	0.000008	0.000000
59	0.000000	0.000079	0.000029	0.000008	0.000004	0.000001	0.000001	0.000002	0.000000	0.000008	0.000000
60	0.000000	0.000087	0.000033	0.000007	0.000004	0.000003	0.000003	0.000001	0.000000	0.000010	0.000000
61	0.000000	0.000098	0.000035	0.000009	0.000006	0.000003	0.000002	0.000002	0.000000	0.000009	0.000000
62	0.000000	0.000111	0.000037	0.000010	0.000007	0.000003	0.000003	0.000002	0.000000	0.000011	0.000000
63	0.000000	0.000125	0.000043	0.000013	0.000006	0.000003	0.000002	0.000002	0.000000	0.000012	0.000000
64	0.000000	0.000132	0.000048	0.000011	0.000009	0.000003	0.000003	0.000003	0.000000	0.000013	0.000000
65	0.000000	0.000155	0.000054	0.000015	0.000007	0.000004	0.000004	0.000003	0.000000	0.000014	0.000000
66	0.000000	0.000171	0.000056	0.000015	0.000010	0.000004	0.000003	0.000003	0.000000	0.000016	0.000000
67	0.000000	0.000189	0.000069	0.000019	0.000010	0.000005	0.000003	0.000004	0.000000	0.000019	0.000000
68	0.000000	0.000206	0.000075	0.000019	0.000012	0.000005	0.000004	0.000004	0.000000	0.000022	0.000000
69	0.000000	0.000233	0.000081	0.000021	0.000011	0.000005	0.000006	0.000003	0.000000	0.000023	0.000000
70	0.000000	0.000252	0.000087	0.000024	0.000014	0.000006	0.000007	0.000005	0.000000	0.000025	0.000000
71	0.000000	0.000287	0.000097	0.000024	0.000015	0.000007	0.000007	0.000005	0.000000	0.000026	0.000000
72	0.000000	0.000324	0.000109	0.000031	0.000016	0.000007	0.000006	0.000007	0.000000	0.000033	0.000000
73	0.000000	0.000347	0.000128	0.000032	0.000020	0.000007	0.000008	0.000006	0.000000	0.000033	0.000000
74	0.000000	0.000380	0.000129	0.000035	0.000026	0.000008	0.000008	0.000008	0.000000	0.000037	0.000000
75	0.000000	0.000436	0.000147	0.000041	0.000024	0.000010	0.000011	0.000007	0.000000	0.000044	0.000000
76	0.000000	0.000481	0.000163	0.000042	0.000028	0.000010	0.000012	0.000010	0.000000	0.000049	0.000000
77	0.000000	0.000539	0.000186	0.000048	0.000030	0.000013	0.000009	0.000011	0.000000	0.000050	0.000000
78	0.000000	0.000600	0.000206	0.000058	0.000034	0.000013	0.000014	0.000009	0.000000	0.000064	0.000000
79	0.000000	0.000649	0.000221	0.000058	0.000038	0.000016	0.000013	0.000013	0.000000	0.000067	0.000000
80	0.000000	0.000714	0.000253	0.000072	0.000039	0.000014	0.000016	0.000011	0.000000	0.000071	0.000000
81	0.000000	0.000803	0.000275	0.000075	0.000045	0.000016	0.000018	0.000015	0.000000	0.000079	0.000000
82	0.000000	0.000862	0.000303	0.000087	0.000053	0.000019	0.000022	0.000016	0.000000	0.000090	0.000000
83	0.000000	0.000968	0.000347	0.000096	0.000051	0.000022	0.000022	0.000020	0.000000	0.000104	0.000000
84	0.000000	0.001077	0.000372	0.000096	0.000058	0.000023	0.000025	0.000019	0.000000	0.000114	0.000000
85	0.000000	0.001173	0.000420	0.000113	0.000070	0.000025	0.000025	0.000023	0.000000	0.000121	0.000000
86	0.000000	0.001297	0.000474	0.000122	0.000072	0.000029	0.000028	0.000025	0.000000	0.000140	0.000000
87	0.000000	0.001463	0.000515	0.000133	0.000083	0.000033	0.000030	0.000026	0.000000	0.000152	0.000000
88	0.000000	0.001608	0.000562	0.000153	0.000096	0.000035	0.000037	0.000030	0.000000	0.000168	0.000000
89	0.000000	0.001787	0.000628	0.000169	0.000107	0.000042	0.000041	0.000034	0.000000	0.000178	0.000000
90	0.000000	0.001962	0.000687	0.000175	0.000119	0.000041	0.000048	0.000035	0.000000	0.000199	0.000000
91	0.000000	0.002155	0.000758	0.000208	0.000124	0.000048	0.000049	0.000043	0.000000	0.000220	0.000000
92	0.000000	0.002388	0.000837	0.000241	0.000139	0.000053	0.000060	0.000044	0.000000	0.000244	0.000000
93	0.000000	0.002648	0.000936	0.000249	0.000150	0.000057	0.000058	0.000056	0.000001	0.000276	0.000000
94	0.000000	0.002892	0.001027	0.000283	0.000175	0.000062	0.000065	0.000059	0.000001	0.000312	0.000000
95	0.000000	0.003192	0.001135	0.000308	0.000179	0.000075	0.000076	0.000058	0.000001	0.000330	0.000000
96	0.000000	0.003523	0.001274	0.000339	0.000209	0.000078	0.000080	0.000067	0.000001	0.000375	0.000000
97	0.000000	0.003882	0.001408	0.000384	0.000221	0.000092	0.000086	0.000075	0.000001	0.000416	0.000000
98	0.000000	0.004240	0.001552	0.000431	0.000246	0.000099	0.000098	0.000082	0.000001	0.000451	0.000000
99	0.000000	0.004671	0.001711	0.000481	0.000278	0.000110	0.000103	0.000089	0.000001	0.000498	0.000000
100	0.000000	0.005200	0.001828	0.000513	0.000311	0.000126	0.000123	0.000095	0.000001	0.000579	0.000000
101	0.000000	0.005634	0.002071	0.000564	0.000347	0.000134	0.000135	0.000109	0.000001	0.000623	0.000000
102	0.000000	0.006141	0.002255	0.000623	0.000375	0.000146	0.000146	0.000125	0.000001	0.000696	0.000000
103	0.000019	0.006706	0.002492	0.000710	0.000415	0.000169	0.000162	0.000118	0.000001	0.000754	0.000019
104	0.000134	0.007366	0.002750	0.000758	0.000460	0.000179	0.000179	0.000018	0.000001	0.000851	0.000134
105	0.000144	0.008045	0.003027	0.000819	0.000511	0.000196	0.000199	0.000021	0.000001	0.000918	0.000144
106	0.000159	0.008680	0.003308	0.000941	0.000564	0.000216	0.000208	0.000020	0.000002	0.001016	0.000159
107	0.000171	0.009455	0.003632	0.001021	0.000614	0.000244	0.000243	0.000024	0.000001	0.001107	0.000171
108	0.000193	0.010227	0.004000	0.001123	0.000679	0.000269	0.000264	0.000027	0.000003	0.001251	0.000193
109	0.000217	0.011095	0.004348	0.001249	0.000749	0.000293	0.000299	0.000029	0.000003	0.001366	0.000217
110	0.000247	0.011974	0.004749	0.001354	0.000814	0.000311	0.000326	0.000032	0.000002	0.001507	0.000247
111	0.000263	0.012872	0.005112	0.001482	0.000885	0.000342	0.000340	0.000034	0.000003	0.001657	0.000263
112	0.000289	0.013781	0.005656	0.001609	0.000979	0.000371	0.000392	0.000036	0.000003	0.001840	0.000289
113	0.000324	0.014775	0.006136	0.001767	0.001064	0.000420	0.000437	0.000037	0.000003	0.001987	0.000324
114	0.000353	0.015814	0.006626	0.001941	0.001151	0.000456	0.000471	0.000039	0.000002	0.002182	0.000353
115	0.000393	0.016830	0.007239	0.002138	0.001272	0.000489	0.000510	0.000037	0.000003	0.002342	0.000393
116	0.000451	0.017941	0.007780	0.002333	0.001405	0.000551	0.000562	0.000036	0.000003	0.002596	0.000451
117	0.000484	0.018989	0.008385	0.002518	0.001513	0.000598	0.000614	0.000040	0.000002	0.002856	0.000484
118	0.000531	0.020012	0.009079	0.002736	0.001662	0.000662	0.000680	0.000038	0.000002	0.003116	0.000531
119	0.000588	0.021111	0.009816	0.002976	0.001818	0.000705	0.000730	0.000040	0.000004	0.003392	0.000588
120	0.000631	0.022129	0.010491	0.003234	0.001943	0.000757	0.000779	0.000041	0.000003	0.003712	0.000631
121	0.000697	0.023205	0.011244	0.003511	0.002118	0.000832	0.000843	0.000042	0.000003	0.003999	0.000697
122	0.000751	0.024119	0.011988	0.003770	0.002255	0.000913	0.000919	0.000042	0.000003	0.004392	0.000751
123	0.000813	0.024970	0.012739	0.004062	0.002448	0.000970	0.000983	0.000042	0.000003	0.004793	0.000813
124	0.000882	0.025809	0.013545	0.004379	0.002629	0.001047	0.001084	0.000045	0.000003	0.005146	0.000882
125	0.000963	0.026504	0.014377	0.004721	0.002825	0.001109	0.001154	0.000046	0.000003	0.005567	0.000963
126	0.001051	0.027078	0.015191	0.005078	0.003049	0.001182	0.001234	0.000046	0.000003	0.005992	0.001051
127	0.001116	0.027793	0.015997	0.005413	0.003235	0.001268	0.001315	0.000046	0.000002	0.006494	0.001116
128	0.001183	0.028003	0.016871	0.005758	0.003471	0.001357	0.001387	0.000044	0.000003	0.007002	0.001183
129	0.001281	0.028359	0.017701	0.006135	0.003694	0.001467	0.001504	0.000047	0.000004	0.007482	0.001281
130	0.001378	0.028473	0.018471	0.006512	0.003903	0.001553	0.001630	0.000048	0.000003	0.007971	0.001378
131	0.001472	0.028537	0.019210	0.006865	0.004152	0.001672	0.001722	0.000049	0.000004	0.008556	0.001472
132	0.001577	0.028330	0.019988	0.007270	0.004380	0.001749	0.001814	0.000051	0.000003	0.009136	0.001577
133	0.001676	0.028103	0.020692	0.007708	0.004634	0.001846	0.001917	0.000049	0.000004	0.009712	0.001676
134	0.001776	0.027589	0.021482	0.008056	0.004870	0.001940	0.002028	0.000050	0.000004	0.010245	0.001776
135	0.001893	0.027067	0.022101	0.008448	0.005061	0.002056	0.002128	0.000049	0.000003	0.010947	0.001893
136	0.001955	0.026265	0.022671	0.008796	0.005331	0.002152	0.002251	0.000050	0.000004	0.011509	0.001955
137	0.002113	0.025527	0.023117	0.009229	0.005487	0.002245	0.002339	0.000049	0.000003	0.012201	0.002113
138	0.002217	0.024555	0.023574	0.009567	0.005763	0.002361	0.002447	0.000049	0.000003	0.012753	0.002217
139	0.002298	0.023569	0.024007	0.009929	0.005965	0.002415	0.002550	0.000048	0.000003	0.013359	0.002298
140	0.002392	0.022363	0.024300	0.010278	0.006152	0.002524	0.002644	0.000050	0.000004	0.014076	0.002392
141	0.002534	0.021288	0.024468	0.010601	0.006354	0.002589	0.002774	0.000050	0.000004	0.014671	0.002534
142	0.002590	0.020031	0.024607	0.010831	0.006535	0.002684	0.002834	0.000048	0.000003	0.015185	0.002590
143	0.002688	0.018720	0.024667	0.011126	0.006720	0.002735	0.002947	0.000050	0.000004	0.015741	0.002688
144	0.002797	0.017504	0.024683	0.011325	0.006870	0.002829	0.003009	0.000049	0.000004	0.016416	0.002797
145	0.002881	0.016208	0.024492	0.011495	0.006934	0.002904	0.003080	0.000049	0.000004	0.016840	0.002881
146	0.002955	0.014964	0.024327	0.011681	0.007024	0.002923	0.003199	0.000048	0.000004	0.017348	0.002955
147	0.003073	0.013836	0.024008	0.011791	0.007128	0.002974	0.003219	0.000044	0.000004	0.017789	0.003073
148	0.003099	0.012684	0.023665	0.011928	0.007162	0.002996	0.003310	0.000044	0.000003	0.018143	0.003099
149	0.003185	0.011635	0.023247	0.011980	0.007176	0.003034	0.003354	0.000042	0.000002	0.018574	0.003185
150	0.003240	0.010680	0.022678	0.012006	0.007212	0.003054	0.003367	0.000041	0.000003	0.018814	0.003240
151	0.003268	0.009751	0.022183	0.011940	0.007179	0.003074	0.003374	0.000042	0.000004	0.019111	0.003268
152	0.003312	0.008905	0.021497	0.011891	0.007148	0.003088	0.003401	0.000044	0.000003	0.019336	0.003312
153	0.003330	0.008146	0.020842	0.011822	0.007133	0.003057	0.003438	0.000043	0.000004	0.019408	0.003330
154	0.003328	0.007409	0.020139	0.011591	0.007006	0.003010	0.003448	0.000044	0.000004	0.019529	0.003328
155	0.003335	0.006826	0.019368	0.011454	0.006884	0.003000	0.003432	0.000044	0.000003	0.019547	0.003335
156	0.003357	0.006283	0.018492	0.011278	0.006787	0.002933	0.003436	0.000047	0.000004	0.019516	0.003357
157	0.003373	0.005765	0.017743	0.010979	0.006616	0.002891	0.003399	0.000046	0.000004	0.019498	0.003373
158	0.003355	0.005364	0.016808	0.010771	0.006465	0.002825	0.003314	0.000048	0.000004	0.019274	0.003355
159	0.003282	0.004980	0.015939	0.010497	0.006323	0.002785	0.003297	0.000045	0.000002	0.019116	0.003282
160	0.003264	0.004602	0.015110	0.010132	0.006063	0.002720	0.003278	0.000038	0.000003	0.018872	0.003264
161	0.003225	0.004315	0.014321	0.009859	0.005933	0.002640	0.003190	0.000045	0.000002	0.018385	0.003225
162	0.003163	0.004031	0.013430	0.009447	0.005680	0.002563	0.003172	0.000045	0.000003	0.018173	0.003163
163	0.003117	0.003808	0.012597	0.009117	0.005420	0.002464	0.003059	0.000047	0.000003	0.017784	0.003117
164	0.003052	0.003580	0.011824	0.008714	0.005246	0.002371	0.003012	0.000047	0.000003	0.017296	0.003052
165	0.002971	0.003363	0.011008	0.008314	0.005012	0.002293	0.002944	0.000046	0.000004	0.016883	0.002971
166	0.002938	0.003191	0.010293	0.007900	0.004755	0.002176	0.002842	0.000047	0.000003	0.016322	0.002938
167	0.002838	0.003038	0.009519	0.007478	0.004498	0.002092	0.002720	0.000051	0.000003	0.015795	0.002838
168	0.002737	0.002861	0.008802	0.007082	0.004272	0.002010	0.002676	0.000048	0.000002	0.015203	0.002737
169	0.002674	0.002689	0.008217	0.006698	0.004040	0.001898	0.002565	0.000043	0.000003	0.014609	0.002674
170	0.002546	0.002525	0.007616	0.006363	0.003763	0.001799	0.002495	0.000050	0.000004	0.013985	0.002546
171	0.002499	0.002401	0.007022	0.005966	0.003539	0.001662	0.002409	0.000047	0.000004	0.013424	0.002499
172	0.002413	0.002292	0.006487	0.005544	0.003297	0.001607	0.002318	0.000049	0.000003	0.012795	0.002413
173	0.002316	0.002153	0.005999	0.005164	0.003131	0.001526	0.002195	0.000044	0.000004	0.012176	0.002316
174	0.002219	0.002044	0.005557	0.004839	0.002887	0.001428	0.002111	0.000044	0.000003	0.011541	0.002219
175	0.002110	0.001952	0.005121	0.004526	0.002725	0.001347	0.002000	0.000048	0.000003	0.010986	0.002110
176	0.002015	0.001805	0.004753	0.004217	0.002562	0.001236	0.001895	0.000042	0.000003	0.010348	0.002015
177	0.001923	0.001695	0.004394	0.003944	0.002336	0.001158	0.001814	0.000048	0.000003	0.009770	0.001923
178	0.001830	0.001588	0.004096	0.003609	0.002166	0.001088	0.001740	0.000044	0.000003	0.009167	0.001830
179	0.001735	0.001505	0.003807	0.003346	0.001984	0.001015	0.001646	0.000046	0.000003	0.008649	0.001735
180	0.001640	0.001406	0.003601	0.003113	0.001864	0.000950	0.001571	0.000046	0.000002	0.008076	0.001640
181	0.001577	0.001330	0.003321	0.002889	0.001714	0.000862	0.001470	0.000045	0.000004	0.007583	0.001577
182	0.001478	0.001252	0.003082	0.002662	0.001587	0.000821	0.001404	0.000045	0.000004	0.007130	0.001478
183	0.001411	0.001166	0.002893	0.002536	0.001483	0.000742	0.001352	0.000046	0.000003	0.006677	0.001411
184	0.001353	0.001096	0.002712	0.002298	0.001365	0.000698	0.001243	0.000044	0.000004	0.006226	0.001353
185	0.001255	0.001025	0.002554	0.002143	0.001284	0.000634	0.001202	0.000044	0.000003	0.005826	0.001255
186	0.001186	0.000957	0.002423	0.002000	0.001187	0.000601	0.001124	0.000044	0.000004	0.005337	0.001186
187	0.001120	0.000907	0.002251	0.001840	0.001120	0.000556	0.001060	0.000046	0.000003	0.005059	0.001120
188	0.001050	0.000856	0.002146	0.001729	0.001043	0.000536	0.001003	0.000043	0.000004	0.004693	0.001050
189	0.001004	0.000806	0.002004	0.001628	0.000955	0.000492	0.000933	0.000051	0.000004	0.004390	0.001004
190	0.000935	0.000736	0.001895	0.001501	0.000892	0.000464	0.000885	0.000044	0.000003	0.004105	0.000935
191	0.000870	0.000711	0.001790	0.001402	0.000851	0.000417	0.000814	0.000048	0.000003	0.003832	0.000870
192	0.000809	0.000660	0.001693	0.001315	0.000793	0.000381	0.000769	0.000046	0.000003	0.003571	0.000809
193	0.000757	0.000601	0.001579	0.001244	0.000752	0.000374	0.000737	0.000046	0.000003	0.003350	0.000757
194	0.000722	0.000562	0.001497	0.001155	0.000710	0.000350	0.000684	0.000046	0.000003	0.003132	0.000722
195	0.000671	0.000550	0.001423	0.001078	0.000649	0.000329	0.000640	0.000044	0.000003	0.002905	0.000671
196	0.000622	0.000509	0.001334	0.001033	0.000627	0.000303	0.000606	0.000042	0.000004	0.002738	0.000622
197	0.000578	0.000475	0.001252	0.000965	0.000574	0.000282	0.000575	0.000048	0.000003	0.002577	0.000578
198	0.000553	0.000450	0.001162	0.000914	0.000548	0.000274	0.000526	0.000045	0.000004	0.002395	0.000553
199	0.000503	0.000423	0.001079	0.000859	0.000532	0.000248	0.000501	0.000048	0.000003	0.002252	0.000503
200	0.000487	0.000386	0.001036	0.000808	0.000493	0.000230	0.000463	0.000044	0.000003	0.002137	0.000487
201	0.000447	0.000358	0.000977	0.000764	0.000459	0.000227	0.000430	0.000045	0.000004	0.001992	0.000447
202	0.000409	0.000341	0.000902	0.000724	0.000433	0.000205	0.000405	0.000048	0.000003	0.001893	0.000409
203	0.000373	0.000329	0.000857	0.000679	0.000396	0.000201	0.000386	0.000047	0.000003	0.001775	0.000373
204	0.000345	0.000313	0.000806	0.000631	0.000379	0.000184	0.000361	0.000047	0.000003	0.001669	0.000345
205	0.000336	0.000285	0.000748	0.000601	0.000363	0.000176	0.000320	0.000047	0.000005	0.001572	0.000336
206	0.000301	0.000265	0.000709	0.000550	0.000347	0.000166	0.000308	0.000048	0.000003	0.001482	0.000301
207	0.000275	0.000244	0.000657	0.000525	0.000310	0.000154	0.000278	0.000046	0.000004	0.001394	0.000275
208	0.000250	0.000231	0.000634	0.000494	0.000296	0.000147	0.000260	0.000047	0.000004	0.001331	0.000250
209	0.000227	0.000213	0.000600	0.000474	0.000284	0.000144	0.000250	0.000045	0.000004	0.001242	0.000227
210	0.000217	0.000199	0.000550	0.000429	0.000258	0.000134	0.000241	0.000044	0.000004	0.001161	0.000217
211	0.000201	0.000188	0.000526	0.000417	0.000252	0.000120	0.000220	0.000044	0.000003	0.001084	0.000201
212	0.000189	0.000177	0.000477	0.000370	0.000229	0.000112	0.000202	0.000044	0.000003	0.001043	0.000189
213	0.000170	0.000170	0.000441	0.000364	0.000215	0.000105	0.000189	0.000046	0.000003	0.000974	0.000170
214	0.000157	0.000160	0.000424	0.000338	0.000206	0.000104	0.000176	0.000045	0.000004	0.000904	0.000157
215	0.000135	0.000146	0.000387	0.000324	0.000187	0.000094	0.000174	0.000048	0.000004	0.000853	0.000135
216	0.000132	0.000140	0.000365	0.000295	0.000175	0.000085	0.000149	0.000047	0.000003	0.000820	0.000132
217	0.000125	0.000124	0.000351	0.000277	0.000170	0.000085	0.000150	0.000044	0.000003	0.000772	0.000125
218	0.000112	0.000118	0.000323	0.000250	0.000155	0.000077	0.000138	0.000045	0.000003	0.000729	0.000112
219	0.000098	0.000113	0.000305	0.000242	0.000151	0.000067	0.000129	0.000044	0.000004	0.000668	0.000098
220	0.000088	0.000100	0.000283	0.000232	0.000137	0.000070	0.000116	0.000047	0.000003	0.000642	0.000088
221	0.000084	0.000093	0.000273	0.000213	0.000132	0.000068	0.000112	0.000044	0.000003	0.000591	0.000084
222	0.000070	0.000099	0.000251	0.000202	0.000116	0.000064	0.000109	0.000048	0.000004	0.000560	0.000070
223	0.000065	0.000080	0.000238	0.000187	0.000112	0.000057	0.000098	0.000049	0.000002	0.000529	0.000065
224	0.000060	0.000082	0.000223	0.000182	0.000112	0.000054	0.000090	0.000045	0.000002	0.000503	0.000060
225	0.000053	0.000068	0.000208	0.000166	0.000101	0.000051	0.000086	0.000047	0.000003	0.000469	0.000053
226	0.000049	0.000070	0.000198	0.000154	0.000092	0.000049	0.000081	0.000046	0.000003	0.000442	0.000049
227	0.000036	0.000066	0.000187	0.000145	0.000089	0.000041	0.000076	0.000049	0.000003	0.000429	0.000036
228	0.000036	0.000057	0.000166	0.000141	0.000077	0.000043	0.000073	0.000045	0.000003	0.000394	0.000036
229	0.000030	0.000055	0.000159	0.000124	0.000082	0.000038	0.000071	0.000046	0.000003	0.000389	0.000030
230	0.000030	0.000053	0.000145	0.000122	0.000076	0.000037	0.000067	0.000045	0.000002	0.000362	0.000030
231	0.000027	0.000050	0.000147	0.000115	0.000068	0.000033	0.000063	0.000046	0.000003	0.000335	0.000027
232	0.000020	0.000049	0.000129	0.000106	0.000063	0.000029	0.000054	0.000046	0.000002	0.000322	0.000020
233	0.000017	0.000044	0.000122	0.000097	0.000062	0.000028	0.000051	0.000044	0.000002	0.000306	0.000017
234	0.000011	0.000043	0.000118	0.000093	0.000055	0.000029	0.000045	0.000043	0.000003	0.000274	0.000011
235	0.000007	0.000041	0.000108	0.000091	0.000048	0.000024	0.000048	0.000044	0.000003	0.000271	0.000007
236	0.000007	0.000036	0.000098	0.000078	0.000049	0.000025	0.000044	0.000042	0.000001	0.000266	0.000007
237	0.000002	0.000037	0.000096	0.000077	0.000048	0.000022	0.000039	0.000047	0.000003	0.000253	0.000002
238	0.000002	0.000031	0.000089	0.000071	0.000047	0.000021	0.000041	0.000043	0.000002	0.000233	0.000002
239	0.000003	0.000029	0.000080	0.000069	0.000040	0.000020	0.000034	0.000040	0.000003	0.000218	0.000003
240	0.000003	0.000027	0.000074	0.000062	0.000037	0.000018	0.000034	0.000037	0.000002	0.000207	0.000003
241	0.000002	0.000023	0.000071	0.000056	0.000037	0.000018	0.000031	0.000037	0.000002	0.000204	0.000002
242	0.000003	0.000027	0.000063	0.000056	0.000032	0.000017	0.000032	0.000031	0.000002	0.000187	0.000003
243	0.000002	0.000021	0.000062	0.000049	0.000031	0.000016	0.000026	0.000032	0.000002	0.000182	0.000002
244	0.000003	0.000020	0.000060	0.000053	0.000029	0.000014	0.000026	0.000028	0.000003	0.000172	0.000003
245	0.000003	0.000020	0.000052	0.000047	0.000026	0.000013	0.000025	0.000027	0.000002	0.000170	0.000003
246	0.000002	0.000018	0.000048	0.000045	0.000025	0.000012	0.000019	0.000025	0.000002	0.000154	0.000002
247	0.000003	0.000017	0.000045	0.000041	0.000023	0.000012	0.000020	0.000022	0.000002	0.000150	0.000003
248	0.000002	0.000016	0.000046	0.000038	0.000022	0.000012	0.000019	0.000023	0.000002	0.000146	0.000002
249	0.000001	0.000016	0.000042	0.000036	0.000021	0.000011	0.000017	0.000018	0.000002	0.000132	0.000001
250	0.000002	0.000014	0.000042	0.000032	0.000018	0.000010	0.000018	0.000019	0.000003	0.000133	0.000002
251	0.000002	0.000014	0.000036	0.000030	0.000016	0.000009	0.000016	0.000018	0.000001	0.000123	0.000002
252	0.000002	0.000014	0.000034	0.000028	0.000017	0.000010	0.000012	0.000016	0.000002	0.000120	0.000002
253	0.000003	0.000013	0.000033	0.000028	0.000015	0.000008	0.000013	0.000013	0.000002	0.000113	0.000003
254	0.000002	0.000010	0.000033	0.000023	0.000015	0.000007	0.000012	0.000015	0.000001	0.000110	0.000002
255	0.000001	0.000011	0.000028	0.000023	0.000013	0.000006	0.000013	0.000012	0.000002	0.000102	0.000001
256	0.000002	0.000009	0.000029	0.000020	0.000011	0.000007	0.000012	0.000014	0.000001	0.000095	0.000002
257	0.000002	0.000010	0.000024	0.000022	0.000011	0.000006	0.000012	0.000012	0.000002	0.000090	0.000002
258	0.000002	0.000010	0.000021	0.000022	0.000013	0.000006	0.000009	0.000012	0.000001	0.000086	0.000002
259	0.000002	0.000010	0.000020	0.000015	0.000011	0.000005	0.000009	0.000009	0.000002	0.000085	0.000002
260	0.000002	0.000008	0.000021	0.000017	0.000011	0.000005	0.000009	0.000009	0.000002	0.000085	0.000002
261	0.000002	0.000007	0.000019	0.000016	0.000009	0.000005	0.000007	0.000010	0.000002	0.000071	0.000002
262	0.000002	0.000007	0.000017	0.000016	0.000008	0.000004	0.000008	0.000007	0.000001	0.000077	0.000002
263	0.000002	0.000007	0.000017	0.000012	0.000006	0.000003	0.000008	0.000008	0.000001	0.000069	0.000002
264	0.000002	0.000007	0.000015	0.000013	0.000007	0.000004	0.000007	0.000007	0.000002	0.000065	0.000002
265	0.000002	0.000005	0.000016	0.000010	0.000007	0.000004	0.000005	0.000008	0.000002	0.000063	0.000002
266	0.000001	0.000004	0.000014	0.000011	0.000008	0.000004	0.000005	0.000006	0.000001	0.000066	0.000001
267	0.000002	0.000005	0.000013	0.000009	0.000008	0.000002	0.000005	0.000005	0.000001	0.000059	0.000002
268	0.000002	0.000006	0.000011	0.000008	0.000006	0.000003	0.000004	0.000005	0.000002	0.000059	0.000002
269	0.000001	0.000006	0.000011	0.000010	0.000005	0.000002	0.000003	0.000004	0.000001	0.000055	0.000001
270	0.000002	0.000004	0.000012	0.000010	0.000006	0.000002	0.000005	0.000004	0.000001	0.000049	0.000002
271	0.000002	0.000004	0.000011	0.000006	0.000004	0.000002	0.000004	0.000004	0.000001	0.000051	0.000002
272	0.000001	0.000003	0.000010	0.000008	0.000006	0.000003	0.000004	0.000003	0.000002	0.000047	0.000001
273	0.000001	0.000004	0.000010	0.000007	0.000005	0.000004	0.000004	0.000005	0.000001	0.000042	0.000001
274	0.000002	0.000003	0.000008	0.000007	0.000004	0.000001	0.000004	0.000004	0.000001	0.000039	0.000002
275	0.000001	0.000003	0.000007	0.000006	0.000003	0.000002	0.000003	0.000004	0.000002	0.000040	0.000001
276	0.000002	0.000003	0.000009	0.000006	0.000005	0.000002	0.000003	0.000003	0.000001	0.000041	0.000002
277	0.000001	0.000002	0.000008	0.000005	0.000004	0.000002	0.000003	0.000003	0.000001	0.000036	0.000001
278	0.000002	0.000002	0.000006	0.000004	0.000003	0.000002	0.000003	0.000003	0.000001	0.000038	0.000002
279	0.000001	0.000003	0.000006	0.000006	0.000004	0.000001	0.000003	0.000003	0.000002	0.000031	0.000001
280	0.000002	0.000003	0.000008	0.000004	0.000003	0.000002	0.000003	0.000003	0.000001	0.000030	0.000002
281	0.000001	0.000002	0.000005	0.000003	0.000002	0.000001	0.000002	0.000003	0.000001	0.000030	0.000001
282	0.000001	0.000003	0.000005	0.000003	0.000003	0.000001	0.000002	0.000002	0.000001	0.000025	0.000001
283	0.000002	0.000002	0.000006	0.000004	0.000003	0.000001	0.000001	0.000002	0.000001	0.000024	0.000002
284	0.000001	0.000002	0.000005	0.000005	0.000002	0.000000	0.000002	0.000002	0.000001	0.000024	0.000001
285	0.000001	0.000002	0.000004	0.000005	0.000003	0.000001	0.000002	0.000002	0.000001	0.000024	0.000001
286	0.000001	0.000002	0.000003	0.000002	0.000002	0.000000	0.000003	0.000001	0.000000	0.000021	0.000001
287	0.000001	0.000002	0.000004	0.000003	0.000002	0.000001	0.000002	0.000003	0.000001	0.000019	0.000001
288	0.000001	0.000001	0.000003	0.000003	0.000002	0.000000	0.000001	0.000002	0.000000	0.000015	0.000001
289	0.000000	0.000001	0.000004	0.000003	0.000002	0.000000	0.000001	0.000002	0.000000	0.000018	0.000000
290	0.000001	0.000001	0.000003	0.000002	0.000002	0.000001	0.000002	0.000002	0.000000	0.000015	0.000001
291	0.000001	0.000001	0.000002	0.000002	0.000001	0.000000	0.000001	0.000002	0.000000	0.000016	0.000001
292	0.000001	0.000001	0.000002	0.000002	0.000001	0.000000	0.000001	0.000001	0.000000	0.000014	0.000001
293	0.000002	0.000001	0.000002	0.000002	0.000002	0.000000	0.000001	0.000001	0.000000	0.000013	0.000002
294	0.000001	0.000001	0.000002	0.000001	0.000002	0.000001	0.000002	0.000001	0.000000	0.000015	0.000001
295	0.000001	0.000001	0.000003	0.000002	0.000001	0.000000	0.000001	0.000002	0.000000	0.000012	0.000001
296	0.000001	0.000001	0.000003	0.000002	0.000001	0.000000	0.000001	0.000001	0.000000	0.000012	0.000001
297	0.000001	0.000001	0.000002	0.000002	0.000001	0.000000	0.000001	0.000001	0.000001	0.000011	0.000001
298	0.000001	0.000001	0.000002	0.000001	0.000001	0.000000	0.000001	0.000001	0.000000	0.000010	0.000001
299	0.000001	0.000000	0.000001	0.000002	0.000001	0.000000	0.000001	0.000001	0.000000	0.000010	0.000001
300	0.000000	0.000001	0.000002	0.000001	0.000001	0.000001	0.000001	0.000001	0.000000	0.000009	0.000000
301	0.000001	0.000000	0.000002	0.000001	0.000001	0.000000	0.000001	0.000001	0.000000	0.000008	0.000001
302	0.000001	0.000001	0.000002	0.000001	0.000001	0.000000	0.000000	0.000001	0.000000	0.000007	0.000001
303	0.000001	0.000001	0.000002	0.000001	0.000000	0.000000	0.000000	0.000000	0.000000	0.000007	0.000001
304	0.000001	0.000001	0.000002	0.000001	0.000001	0.000000	0.000000	0.000000	0.000000	0.000007	0.000001
305	0.000001	0.000000	0.000001	0.000001	0.000001	0.000000	0.000000	0.000000	0.000000	0.000006	0.000001
306	0.000001	0.000000	0.000002	0.000000	0.000001	0.000000	0.000001	0.000000	0.000000	0.000006	0.000001
307	0.000001	0.000000	0.000001	0.000001	0.000001	0.000000	0.000001	0.000001	0.000000	0.000006	0.000001
308	0.000000	0.000000	0.000001	0.000001	0.000001	0.000000	0.000000	0.000001	0.000000	0.000006	0.000000
309	0.000001	0.000001	0.000001	0.000000	0.000000	0.000000	0.000000	0.000001	0.000000	0.000005	0.000001
310	0.000000	0.000000	0.000002	0.000000	0.000000	0.000000	0.000000	0.000000	0.000000	0.000005	0.000000
311	0.000001	0.000000	0.000001	0.000001	0.000000	0.000000	0.000000	0.000000	0.000000	0.000004	0.000001
312	0.000000	0.000001	0.000001	0.000000	0.000000	0.000000	0.000001	0.000000	0.000000	0.000003	0.000000
313	0.000000	0.000000	0.000000	0.000000	0.000001	0.000000	0.000000	0.000000	0.000000	0.000004	0.000000
314	0.000001	0.000000	0.000001	0.000000	0.000000	0.000000	0.000000	0.000000	0.000000	0.000004	0.000001
315	0.000000	0.000000	0.000001	0.000001	0.000001	0.000000	0.000000	0.000000	0.000000	0.000004	0.000000
316	0.000001	0.000000	0.000000	0.000000	0.000000	0.000000	0.000000	0.000000	0.000000	0.000003	0.000001
317	0.000000	0.000000	0.000000	0.000000	0.000000	0.000000	0.000000	0.000000	0.000000	0.000003	0.000000
318	0.000000	0.000000	0.000001	0.000000	0.000000	0.000000	0.000000	0.000000	0.000000	0.000003	0.000000
319	0.000000	0.000000	0.000001	0.000000	0.000000	0.000000	0.000000	0.000000	0.000000	0.000003	0.000000
320	0.000000	0.000000	0.000000	0.000001	0.000000	0.000000	0.000000	0.000000	0.000000	0.000001	0.000000
321	0.000000	0.000000	0.000000	0.000000	0.000000	0.000000	0.000000	0.000000	0.000000	0.000003	0.000000
322	0.000000	0.000000	0.000000	0.000000	0.000000	0.000000	0.000000	0.000000	0.000000	0.000002	0.000000
323	0.000000	0.000001	0.000000	0.000001	0.000000	0.000000	0.000000	0.000000	0.000000	0.000003	0.000000
324	0.000000	0.000000	0.000001	0.000000	0.000000	0.000000	0.000000	0.000000	0.000000	0.000003	0.000000
325	0.000000	0.000000	0.000000	0.000000	0.000000	0.000000	0.000000	0.000000	0.000000	0.000002	0.000000
326	0.000000	0.000000	0.000000	0.000000	0.000000	0.000000	0.000000	0.000000	0.000000	0.000003	0.000000
327	0.000000	0.000000	0.000000	0.000000	0.000000	0.000000	0.000000	0.000000	0.000000	0.000001	0.000000
328	0.000000	0.000000	0.000000	0.000000	0.000000	0.000000	0.000000	0.000000	0.000000	0.000002	0.000000
329	0.000000	0.000000	0.000000	0.000000	0.000000	0.000000	0.000000	0.000000	0.000000	0.000002	0.000000
330	0.000000	0.000000	0.000000	0.000000	0.000000	0.000000	0.000000	0.000000	0.000000	0.000001	0.000000
331	0.000001	0.000000	0.000000	0.000000	0.000000	0.000000	0.000000	0.000000	0.000000	0.000001	0.000001
332	0.000000	0.000000	0.000001	0.000001	0.000000	0.000000	0.000000	0.000000	0.000000	0.000002	0.000000
333	0.000000	0.000000	0.000000	0.000000	0.000000	0.000000	0.000000	0.000000	0.000000	0.000002	0.000000
334	0.000000	0.000000	0.000000	0.000000	0.000000	0.000000	0.000000	0.000000	0.000000	0.000001	0.000000
335	0.000000	0.000000	0.000000	0.000000	0.000000	0.000000	0.000000	0.000000	0.000000	0.000001	0.000000
336	0.000000	0.000000	0.000000	0.000000	0.000000	0.000000	0.000000	0.000000	0.000000	0.000001	0.000000
337	0.000000	0.000000	0.000000	0.000000	0.000000	0.000000	0.000000	0.000000	0.000000	0.000001	0.000000
338	0.000000	0.000000	0.000000	0.000000	0.000000	0.000000	0.000000	0.000000	0.000000	0.000000	0.000000
339	0.000000	0.000000	0.000000	0.000000	0.000000	0.000000	0.000000	0.000000	0.000000	0.000001	0.000000
340	0.000000	0.000000	0.000000	0.000000	0.000000	0.000000	0.000000	0.000000	0.000000	0.000001	0.000000
341	0.000000	0.000000	0.000000	0.000000	0.000000	0.000000	0.000000	0.000000	0.000000	0.000002	0.000000
342	0.000000	0.000000	0.000000	0.000000	0.000000	0.000000	0.000000	0.000000	0.000000	0.000001	0.000000
343	0.000000	0.000000	0.000000	0.000000	0.000000	0.000000	0.000000	0.000000	0.000000	0.000000	0.000000
344	0.000000	0.000000	0.000000	0.000000	0.000000	0.000000	0.000000	0.000000	0.000000	0.000001	0.000000
345	0.000000	0.000000	0.000000	0.000000	0.000000	0.000000	0.000000	0.000000	0.000000	0.000000	0.000000
346	0.000000	0.000000	0.000000	0.000000	0.000000	0.000000	0.000000	0.000000	0.000000	0.000000	0.000000
347	0.000000	0.000000	0.000000	0.000000	0.000000	0.000000	0.000000	0.000000	0.000000	0.000001	0.000000
348	0.000000	0.000000	0.000000	0.000000	0.000000	0.000000	0.000000	0.000000	0.000000	0.000000	0.000000
349	0.000000	0.000000	0.000000	0.000000	0.000000	0.000000	0.000000	0.000000	0.000000	0.000000	0.000000
350	0.000000	0.000000	0.000000	0.000000	0.000000	0.000000	0.000000	0.000000	0.000000	0.000001	0.000000
351	0.000000	0.000000	0.000000	0.000000	0.000000	0.000000	0.000000	0.000000	0.000000	0.000000	0.000000
352	0.000000	0.000000	0.000000	0.000000	0.000000	0.000000	0.000000	0.000000	0.000000	0.000000	0.000000
353	0.000000	0.000000	0.000000	0.000000	0.000000	0.000000	0.000000	0.000000	0.000000	0.000000	0.000000
354	0.000000	0.000000	0.000000	0.000000	0.000000	0.000000	0.000000	0.000000	0.000000	0.000000	0.000000
355	0.000000	0.000000	0.000000	0.000000	0.000000	0.000000	0.000000	0.000000	0.000000	0.000001	0.000000
356	0.000000	0.000000	0.000000	0.000000	0.000000	0.000000	0.000000	0.000000	0.000000	0.000000	0.000000
357	0.000000	0.000000	0.000000	0.000000	0.000000	0.000000	0.000000	0.000000	0.000000	0.000000	0.000000
358	0.000000	0.000000	0.000000	0.000000	0.000000	0.000000	0.000000	0.000000	0.000000	0.000001	0.000000
359	0.000000	0.000000	0.000000	0.000000	0.000000	0.000000	0.000000	0.000000	0.000000	0.000000	0.000000
360	0.000000	0.000000	0.000000	0.000000	0.000000	0.000000	0.000000	0.000000	0.000000	0.000000	0.000000
361	0.000000	0.000000	0.000000	0.000000	0.000000	0.000000	0.000000	0.000000	0.000000	0.000000	0.000000
362	0.000000	0.000000	0.000000	0.000000	0.000000	0.000000	0.000000	0.000000	0.000000	0.000000	0.000000
363	0.000000	0.000000	0.000000	0.000000	0.000000	0.000000	0.000000	0.000000	0.000000	0.000000	0.000000
364	0.000000	0.000000	0.000000	0.000000	0.000000	0.000000	0.000000	0.000000	0.000000	0.000000	0.000000
365	0.000000	0.000000	0.000000	0.000000	0.000000	0.000000	0.000000	0.000000	0.000000	0.000000	0.000000
366	0.000000	0.000000	0.000000	0.000000	0.000000	0.000000	0.000000	0.000000	0.000000	0.000000	0.000000
367	0.000000	0.000000	0.000000	0.000000	0.000000	0.000000	0.000000	0.000000	0.000000	0.000000	0.000000
368	0.000000	0.000000	0.000000	0.000000	0.000000	0.000000	0.000000	0.000000	0.000000	0.000000	0.000000
369	0.000000	0.000000	0.000000	0.000000	0.000000	0.000000	0.000000	0.000000	0.000000	0.000000	0.000000
370	0.000000	0.000000	0.000000	0.000000	0.000000	0.000000	0.000000	0.000000	0.000000	0.000000	0.000000
371	0.000000	0.000000	0.000000	0.000000	0.000000	0.000000	0.000000	0.000000	0.000000	0.000000	0.000000
372	0.000000	0.000000	0.000000	0.000000	0.000000	0.000000	0.000000	0.000000	0.000000	0.000000	0.000000
373	0.000000	0.000000	0.000000	0.000000	0.000000	0.000000	0.000000	0.000000	0.000000	0.000000	0.000000
374	0.000000	0.000000	0.000000	0.000000	0.000000	0.000000	0.000000	0.000000	0.000000	0.000000	0.000000
375	0.000000	0.000000	0.000000	0.000000	0.000000	0.000000	0.000000	0.000000	0.000000	0.000000	0.000000
376	0.000000	0.000000	0.000000	0.000000	0.000000	0.000000	0.000000	0.000000	0.000000	0.000000	0.000000
377	0.000000	0.000000	0.000000	0.000000	0.000000	0.000000	0.000000	0.000000	0.000000	0.000000	0.000000
378	0.000000	0.000000	0.000000	0.000000	0.000000	0.000000	0.000000	0.000000	0.000000	0.000000	0.000000
379	0.000000	0.000000	0.000000	0.000000	0.000000	0.000000	0.000000	0.000000	0.000000	0.000000	0.000000
380	0.000000	0.000000	0.000000	0.000000	0.000000	0.000000	0.000000	0.000000	0.000000	0.000000	0.000000
381	0.000000	0.000000	0.000000	0.000000	0.000000	0.000000	0.000000	0.000000	0.000000	0.000000	0.000000
382	0.000000	0.000000	0.000000	0.000000	0.000000	0.000000	0.000000	0.000000	0.000000	0.000000	0.000000
383	0.000000	0.000000	0.000000	0.000000	0.000000	0.000000	0.000000	0.000000	0.000000	0.000000	0.000000
384	0.000000	0.000000	0.000000	0.000000	0.000000	0.000000	0.000000	0.000000	0.000000	0.000000	0.000000
385	0.000000	0.000000	0.000000	0.000000	0.000000	0.000000	0.000000	0.000000	0.000000	0.000000	0.000000
386	0.000000	0.000000	0.000000	0.000000	0.000000	0.000000	0.000000	0.000000	0.000000	0.000000	0.000000
387	0.000000	0.000000	0.000000	0.000000	0.000000	0.000000	0.000000	0.000000	0.000000	0.000000	0.000000
388	0.000000	0.000000	0.000000	0.000000	0.000000	0.000000	0.000000	0.000000	0.000000	0.000000	0.000000
389	0.000000	0.000000	0.000000	0.000000	0.000000	0.000000	0.000000	0.000000	0.000000	0.000000	0.000000
390	0.000000	0.000000	0.000000	0.000000	0.000000	0.000000	0.000000	0.000000	0.000000	0.000000	0.000000
391	0.000000	0.000000	0.000000	0.000000	0.000000	0.000000	0.000000	0.000000	0.000000	0.000000	0.000000
392	0.000000	0.000000	0.000000	0.000000	0.000000	0.000000	0.000000	0.000000	0.000000	0.000000	0.000000
393	0.000000	0.000000	0.000000	0.000000	0.000000	0.000000	0.000000	0.000000	0.000000	0.000000	0.000000
394	0.000000	0.000000	0.000000	0.000000	0.000000	0.000000	0.000000	0.000000	0.000000	0.000000	0.000000
395	0.000000	0.000000	0.000000	0.000000	0.000000	0.000000	0.000000	0.000000	0.000000	0.000000	0.000000
396	0.000000	0.000000	0.000000	0.000000	0.000000	0.000000	0.000000	0.000000	0.000000	0.000000	0.000000
397	0.000000	0.000000	0.000000	0.000000	0.000000	0.000000	0.000000	0.000000	0.000000	0.000000	0.000000
398	0.000000	0.000000	0.000000	0.000000	0.000000	0.000000	0.000000	0.000000	0.000000	0.000000	0.000000
399	0.000000	0.000000	0.000000	0.000000	0.000000	0.000000	0.000000	0.000000	0.000000	0.000000	0.000000
400	0.000000	0.000000	0.000000	0.000000	0.000000	0.000000	0.000000	0.000000	0.000000	0.000000	0.000000
