0	0.000000	0.000000	0.000000	0.000000	0.000000	0.000000	0.000000	0.000000	0.000000	0.000000	0.000000
0	0.004614	0.000000	0.000000	0.000000	0.000000	0.000000	0.000000	0.000000	0.000000	0.000000	0.000000
1	0.000000	0.000000	0.000000	0.000000	0.000000	0.000000	0.000000	0.000000	0.000000	0.000000	0.000000
2	0.000000	0.000000	0.000000	0.000000	0.000000	0.000000	0.000000	0.000000	0.000000	0.000000	0.000000
3	0.000000	0.000000	0.000000	0.000000	0.000000	0.000000	0.000000	0.000000	0.000000	0.000000	0.000000
4	0.000000	0.000000	0.000000	0.000000	0.000000	0.000000	0.000000	0.000000	0.000000	0.000000	0.000000
5	0.000000	0.000000	0.000000	0.000000	0.000000	0.000000	0.000000	0.000000	0.000000	0.000000	0.000000
6	0.000000	0.000000	0.000000	0.000000	0.000000	0.000000	0.000000	0.000000	0.000000	0.000000	0.000000
7	0.000000	0.000000	0.000000	0.000000	0.000000	0.000000	0.000000	0.000000	0.000000	0.000000	0.000000
8	0.000000	0.000000	0.000000	0.000000	0.000000	0.000000	0.000000	0.000000	0.000000	0.000000	0.000000
9	0.000000	0.000000	0.000000	0.000000	0.000000	0.000000	0.000000	0.000000	0.000000	0.000000	0.000000
10	0.000000	0.000000	0.000000	0.000000	0.000000	0.000000	0.000000	0.000000	0.000000	0.000000	0.000000
11	0.000000	0.000000	0.000000	0.000000	0.000000	0.000000	0.000000	0.000000	0.000000	0.000000	0.000000
12	0.000000	0.000000	0.000000	0.000000	0.000000	0.000000	0.000000	0.000000	0.000000	0.000000	0.000000
13	0.000000	0.000000	0.000000	0.000000	0.000000	0.000000	0.000000	0.000000	0.000000	0.000000	0.000000
14	0.000000	0.000000	0.000000	0.000000	0.000000	0.000000	0.000000	0.000000	0.000000	0.000000	0.000000
15	0.000000	0.000000	0.000000	0.000000	0.000000	0.000000	0.000000	0.000000	0.000000	0.000000	0.000000
16	0.000000	0.000001	0.000000	0.000000	0.000000	0.000000	0.000000	0.000000	0.000000	0.000000	0.000000
17	0.000000	0.000000	0.000000	0.000000	0.000000	0.000000	0.000000	0.000000	0.000000	0.000000	0.000000
18	0.000000	0.000000	0.000000	0.000000	0.000000	0.000000	0.000000	0.000000	0.000000	0.000000	0.000000
19	0.000000	0.000000	0.000000	0.000000	0.000000	0.000000	0.000000	0.000000	0.000000	0.000000	0.000000
20	0.000000	0.000001	0.000000	0.000000	0.000000	0.000000	0.000000	0.000000	0.000000	0.000000	0.000000
21	0.000000	0.000001	0.000000	0.000000	0.000000	0.000000	0.000000	0.000000	0.000000	0.000000	0.000000
22	0.000000	0.000001	0.000000	0.000000	0.000000	0.000000	0.000000	0.000000	0.000000	0.000000	0.000000
23	0.000000	0.000002	0.000000	0.000000	0.000000	0.000000	0.000000	0.000000	0.000000	0.000000	0.000000
24	0.000000	0.000001	0.000000	0.000000	0.000000	0.000000	0.000000	0.000000	0.000000	0.000000	0.000000
25	0.000000	0.000001	0.000000	0.000000	0.000000	0.000000	0.000000	0.000000	0.000000	0.000000	0.000000
26	0.000000	0.000001	0.000000	0.000000	0.000000	0.000000	0.000000	0.000000	0.000000	0.000000	0.000000
27	0.000000	0.000002	0.000001	0.000000	0.000000	0.000000	0.000000	0.000000	0.000000	0.000000	0.000000
28	0.000000	0.000001	0.000000	0.000000	0.000000	0.000000	0.000000	0.000000	0.000000	0.000000	0.000000
29	0.000000	0.000001	0.000000	0.000000	0.000000	0.000000	0.000000	0.000000	0.000000	0.000000	0.000000
30	0.000000	0.000002	0.000001	0.000000	0.000000	0.000000	0.000000	0.000000	0.000000	0.000000	0.000000
31	0.000000	0.000002	0.000001	0.000000	0.000000	0.000000	0.000000	0.000000	0.000000	0.000000	0.000000
32	0.000000	0.000003	0.000001	0.000000	0.000000	0.000000	0.000000	0.000000	0.000000	0.000000	0.000000
33	0.000000	0.000002	0.000001	0.000000	0.000000	0.000000	0.000000	0.000000	0.000000	0.000000	0.000000
34	0.000000	0.000003	0.000001	0.000000	0.000000	0.000000	0.000000	0.000000	0.000000	0.000000	0.000000
35	0.000000	0.000003	0.000001	0.000000	0.000000	0.000000	0.000000	0.000000	0.000000	0.000000	0.000000
36	0.000000	0.000004	0.000001	0.000000	0.000000	0.000000	0.000000	0.000000	0.000000	0.000000	0.000000
37	0.000000	0.000006	0.000001	0.000000	0.000000	0.000000	0.000000	0.000000	0.000000	0.000000	0.000000
38	0.000000	0.000005	0.000002	0.000001	0.000000	0.000000	0.000000	0.000000	0.000000	0.000000	0.000000
39	0.000000	0.000005	0.000002	0.000001	0.000000	0.000000	0.000000	0.000000	0.000000	0.000001	0.000000
40	0.000000	0.000005	0.000002	0.000001	0.000000	0.000000	0.000000	0.000000	0.000000	0.000001	0.000000
41	0.000000	0.000009	0.000003	0.000001	0.000000	0.000000	0.000000	0.000000	0.000000	0.000001	0.000000
42	0.000000	0.000006	0.000003	0.000001	0.000000	0.000000	0.000000	0.000000	0.000000	0.000001	0.000000
43	0.000000	0.000008	0.000003	0.000000	0.000001	0.000000	0.000000	0.000000	0.000000	0.000000	0.000000
44	0.000000	0.000010	0.000002	0.000001	0.000001	0.000000	0.000000	0.000000	0.000000	0.000001	0.000000
45	0.000000	0.000008	0.000003	0.000001	0.000000	0.000000	0.000000	0.000000	0.000000	0.000001	0.000000
46	0.000000	0.000011	0.000004	0.000001	0.000001	0.000000	0.000000	0.000000	0.000000	0.000001	0.000000
47	0.000000	0.000012	0.000005	0.000001	0.000000	0.000000	0.000000	0.000000	0.000000	0.000001	0.000000
48	0.000000	0.000015	0.000005	0.000002	0.000000	0.000000	0.000001	0.000000	0.000000	0.000002	0.000000
49	0.000000	0.000017	0.000005	0.000001	0.000001	0.000000	0.000001	0.000000	0.000000	0.000002	0.000000
50	0.000000	0.000020	0.000007	0.000003	0.000002	0.000000	0.000000	0.000001	0.000000	0.000002	0.000000
51	0.000000	0.000023	0.000007	0.000002	0.000001	0.000000	0.000000	0.000000	0.000000	0.000003	0.000000
52	0.000000	0.000022	0.000008	0.000002	0.000001	0.000000	0.000000	0.000000	0.000000	0.000002	0.000000
53	0.000000	0.000022	0.000007	0.000002	0.000001	0.000001	0.000000	0.000000	0.000000	0.000002	0.000000
54	0.000000	0.000025	0.000008	0.000004	0.000001	0.000000	0.000001	0.000000	0.000000	0.000003	0.000000
55	0.000000	0.000029	0.000009	0.000002	0.000002	0.000000	0.000000	0.000001	0.000000	0.000003	0.000000
56	0.000000	0.000032	0.000011	0.000003	0.000002	0.000001	0.000001	0.000000	0.000000	0.000003	0.000000
57	0.000000	0.000032	0.000012	0.000003	0.000002	0.000000	0.000000	0.000001	0.000000	0.000003	0.000000
58	0.000000	0.000041	0.000016	0.000004	0.000003	0.000001	0.000001	0.000001	0.000000	0.000004	0.000000
59	0.000000	0.000047	0.000014	0.000005	0.000002	0.000001	0.000001	0.000000	0.000000	0.000005	0.000000
60	0.000000	0.000046	0.000017	0.000004	0.000002	0.000001	0.000001	0.000001	0.000000	0.000005	0.000000
61	0.000000	0.000053	0.000017	0.000005	0.000003	0.000001	0.000002	0.000001	0.000000	0.000005	0.000000
62	0.000000	0.000059	0.000021	0.000005	0.000003	0.000001	0.000001	0.000001	0.000000	0.000006	0.000000
63	0.000000	0.000066	0.000022	0.000006	0.000004	0.000002	0.000002	0.000002	0.000000	0.000007	0.000000
64	0.000000	0.000072	0.000023	0.000006	0.000004	0.000002	0.000002	0.000002	0.000000	0.000007	0.000000
65	0.000000	0.000080	0.000028	0.000006	0.000006	0.000003	0.000002	0.000002	0.000000	0.000008	0.000000
66	0.000000	0.000090	0.000030	0.000008	0.000004	0.000003	0.000002	0.000001	0.000000	0.000008	0.000000
67	0.000000	0.000099	0.000037	0.000007	0.000005	0.000002	0.000002	0.000002	0.000000	0.000010	0.000000
68	0.000000	0.000112	0.000035	0.000011	0.000006	0.000002	0.000003	0.000002	0.000000	0.000010	0.000000
69	0.000000	0.000120	0.000042	0.000013	0.000006	0.000003	0.000003	0.000002	0.000000	0.000011	0.000000
70	0.000000	0.000136	0.000047	0.000011	0.000008	0.000003	0.000003	0.000003	0.000000	0.000013	0.000000
71	0.000000	0.000153	0.000050	0.000012	0.000009	0.000003	0.000003	0.000003	0.000000	0.000016	0.000000
72	0.000000	0.000164	0.000060	0.000016	0.000009	0.000003	0.000003	0.000003	0.000000	0.000017	0.000000
73	0.000000	0.000173	0.000063	0.000015	0.000009	0.000004	0.000004	0.000003	0.000000	0.000018	0.000000
74	0.000000	0.000200	0.000076	0.000018	0.000011	0.000004	0.000005	0.000003	0.000000	0.000019	0.000000
75	0.000000	0.000229	0.000079	0.000023	0.000013	0.000004	0.000004	0.000005	0.000000	0.000022	0.000000
76	0.000000	0.000253	0.000087	0.000022	0.000015	0.000006	0.000006	0.000004	0.000000	0.000025	0.000000
77	0.000000	0.000283	0.000099	0.000025	0.000015	0.000005	0.000005	0.000005	0.000000	0.000026	0.000000
78	0.000000	0.000308	0.000106	0.000029	0.000017	0.000005	0.000008	0.000006	0.000000	0.000032	0.000000
79	0.000000	0.000345	0.000113	0.000030	0.000023	0.000009	0.000008	0.000006	0.000000	0.000032	0.000000
80	0.000000	0.000383	0.000128	0.000036	0.000020	0.000007	0.000008	0.000008	0.000000	0.000037	0.000000
81	0.000000	0.000417	0.000147	0.000036	0.000025	0.000010	0.000012	0.000008	0.000000	0.000039	0.000000
82	0.000000	0.000463	0.000154	0.000042	0.000027	0.000010	0.000010	0.000010	0.000000	0.000047	0.000000
83	0.000000	0.000512	0.000176	0.000048	0.000028	0.000010	0.000011	0.000010	0.000000	0.000052	0.000000
84	0.000000	0.000564	0.000199	0.000056	0.000031	0.000016	0.000010	0.000011	0.000000	0.000057	0.000000
85	0.000000	0.000632	0.000216	0.000058	0.000034	0.000014	0.000014	0.000009	0.000000	0.000064	0.000000
86	0.000000	0.000690	0.000234	0.000063	0.000038	0.000015	0.000017	0.000013	0.000000	0.000070	0.000000
87	0.000000	0.000760	0.000265	0.000073	0.000042	0.000016	0.000019	0.000014	0.000000	0.000076	0.000000
88	0.000000	0.000837	0.000303	0.000080	0.000049	0.000017	0.000018	0.000017	0.000000	0.000084	0.000000
89	0.000000	0.000945	0.000328	0.000087	0.000052	0.000022	0.000021	0.000017	0.000000	0.000098	0.000000
90	0.000000	0.001032	0.000369	0.000094	0.000059	0.000022	0.000022	0.000019	0.000000	0.000107	0.000000
91	0.000000	0.001163	0.000397	0.000111	0.000066	0.000025	0.000028	0.000021	0.000000	0.000114	0.000000
92	0.000000	0.001274	0.000454	0.000121	0.000073	0.000026	0.000028	0.000024	0.000000	0.000134	0.000000
93	0.000000	0.001406	0.000495	0.000131	0.000075	0.000031	0.000033	0.000028	0.000000	0.000142	0.000000
94	0.000000	0.001581	0.000558	0.000149	0.000091	0.000037	0.000038	0.000030	0.000000	0.000159	0.000000
95	0.000000	0.001744	0.000601	0.000160	0.000095	0.000039	0.000038	0.000034	0.000000	0.000179	0.000000
96	0.000000	0.001919	0.000672	0.000184	0.000108	0.000045	0.000044	0.000037	0.000000	0.000194	0.000000
97	0.000000	0.002101	0.000745	0.000208	0.000123	0.000046	0.000051	0.000038	0.000000	0.000220	0.000000
98	0.000000	0.002352	0.000828	0.000213	0.000137	0.000052	0.000050	0.000046	0.000000	0.000243	0.000000
99	0.000000	0.002567	0.000905	0.000247	0.000150	0.000059	0.000058	0.000048	0.000000	0.000268	0.000000
100	0.000000	0.002845	0.001004	0.000269	0.000163	0.000063	0.000066	0.000055	0.000000	0.000289	0.000000
101	0.000000	0.003124	0.001116	0.000300	0.000184	0.000073	0.000077	0.000060	0.000000	0.000331	0.000000
102	0.000000	0.003427	0.001227	0.000353	0.000195	0.000080	0.000080	0.000070	0.000001	0.000365	0.000000
103	0.000000	0.003770	0.001365	0.000361	0.000224	0.000092	0.000085	0.000077	0.000001	0.000411	0.000000
104	0.000000	0.004136	0.001491	0.000411	0.000244	0.000098	0.000093	0.000079	0.000001	0.000439	0.000000
105	0.000000	0.004595	0.001643	0.000452	0.000273	0.000107	0.000109	0.000087	0.000000	0.000483	0.000000
106	0.000000	0.005023	0.001823	0.000507	0.000296	0.000117	0.000112	0.000099	0.000001	0.000543	0.000000
107	0.000000	0.005499	0.002046	0.000542	0.000327	0.000132	0.000129	0.000105	0.000002	0.000609	0.000000
108	0.000000	0.006076	0.002206	0.000623	0.000369	0.000142	0.000142	0.000118	0.000001	0.000669	0.000000
109	0.000000	0.006653	0.002421	0.000659	0.000408	0.000160	0.000162	0.000129	0.000001	0.000750	0.000000
110	0.000115	0.007229	0.002663	0.000738	0.000444	0.000178	0.000180	0.000033	0.000001	0.000805	0.000115
111	0.000148	0.007877	0.002942	0.000822	0.000482	0.000192	0.000194	0.000019	0.000001	0.000880	0.000148
112	0.000161	0.008537	0.003192	0.000905	0.000535	0.000215	0.000215	0.000020	0.000002	0.000983	0.000161
113	0.000176	0.009253	0.003537	0.000983	0.000602	0.000235	0.000231	0.000025	0.000001	0.001102	0.000176
114	0.000190	0.010007	0.003864	0.001123	0.000652	0.000254	0.000262	0.000024	0.000002	0.001206	0.000190
115	0.000215	0.010906	0.004211	0.001201	0.000729	0.000279	0.000280	0.000028	0.000003	0.001331	0.000215
116	0.000231	0.011743	0.004617	0.001298	0.000796	0.000306	0.000312	0.000031	0.000003	0.001463	0.000231
117	0.000253	0.012556	0.005062	0.001465	0.000870	0.000324	0.000339	0.000032	0.000002	0.001593	0.000253
118	0.000279	0.013565	0.005501	0.001595	0.000944	0.000372	0.000371	0.000034	0.000003	0.001743	0.000279
119	0.000317	0.014599	0.005998	0.001732	0.001026	0.000413	0.000418	0.000035	0.000003	0.001958	0.000317
120	0.000342	0.015613	0.006481	0.001902	0.001151	0.000441	0.000457	0.000037	0.000002	0.002162	0.000342
121	0.000386	0.016578	0.007097	0.002089	0.001257	0.000487	0.000508	0.000036	0.000002	0.002313	0.000386
122	0.000431	0.017674	0.007633	0.002267	0.001353	0.000522	0.000556	0.000036	0.000003	0.002548	0.000431
123	0.000470	0.018664	0.008269	0.002440	0.001507	0.000590	0.000587	0.000040	0.000004	0.002788	0.000470
124	0.000524	0.019793	0.008953	0.002690	0.001626	0.000636	0.000646	0.000036	0.000002	0.003065	0.000524
125	0.000572	0.020890	0.009566	0.002924	0.001764	0.000684	0.000701	0.000037	0.000003	0.003314	0.000572
126	0.000619	0.021830	0.010286	0.003190	0.001918	0.000752	0.000761	0.000038	0.000003	0.003614	0.000619
127	0.000665	0.022902	0.011008	0.003421	0.002049	0.000821	0.000818	0.000042	0.000003	0.003960	0.000665
128	0.000729	0.023791	0.011806	0.003748	0.002241	0.000882	0.000881	0.000044	0.000003	0.004313	0.000729
129	0.000788	0.024725	0.012508	0.004028	0.002421	0.000941	0.000976	0.000044	0.000003	0.004670	0.000788
130	0.000859	0.025541	0.013329	0.004304	0.002553	0.001004	0.001046	0.000042	0.000004	0.005059	0.000859
131	0.000922	0.026313	0.014177	0.004649	0.002773	0.001088	0.001119	0.000049	0.000003	0.005476	0.000922
132	0.001020	0.026819	0.014995	0.004953	0.002991	0.001173	0.001219	0.000043	0.000004	0.005885	0.001020
133	0.001087	0.027549	0.015810	0.005284	0.003205	0.001289	0.001313	0.000045	0.000004	0.006377	0.001087
134	0.001191	0.028053	0.016619	0.005665	0.003401	0.001356	0.001390	0.000047	0.000003	0.006849	0.001191
135	0.001266	0.028249	0.017458	0.006023	0.003616	0.001457	0.001493	0.000047	0.000004	0.007390	0.001266
136	0.001352	0.028403	0.018222	0.006394	0.003848	0.001541	0.001587	0.000048	0.000004	0.007810	0.001352
137	0.001454	0.028468	0.019098	0.006740	0.004063	0.001625	0.001661	0.000051	0.000004	0.008422	0.001454
138	0.001557	0.028346	0.019799	0.007187	0.004269	0.001726	0.001783	0.000051	0.000004	0.008923	0.001557
139	0.001624	0.028079	0.020585	0.007591	0.004552	0.001831	0.001894	0.000049	0.000004	0.009535	0.001624
140	0.001744	0.027773	0.021282	0.007997	0.004772	0.001947	0.002006	0.000050	0.000003	0.010089	0.001744
141	0.001862	0.027249	0.021918	0.008347	0.004979	0.002011	0.002105	0.000050	0.000002	0.010744	0.001862
142	0.001936	0.026552	0.022529	0.008740	0.005235	0.002116	0.002214	0.000046	0.000003	0.011363	0.001936
143	0.002067	0.025704	0.022955	0.009157	0.005454	0.002217	0.002328	0.000052	0.000004	0.011997	0.002067
144	0.002195	0.024827	0.023473	0.009505	0.005721	0.002319	0.002404	0.000047	0.000003	0.012642	0.002195
145	0.002285	0.023730	0.023853	0.009877	0.005933	0.002397	0.002510	0.000048	0.000004	0.013294	0.002285
146	0.002352	0.022687	0.024220	0.010219	0.006094	0.002473	0.002612	0.000050	0.000005	0.013850	0.002352
147	0.002465	0.021504	0.024473	0.010478	0.006288	0.002574	0.002739	0.000053	0.000003	0.014424	0.002465
148	0.002573	0.020371	0.024652	0.010783	0.006468	0.002658	0.002842	0.000050	0.000004	0.015047	0.002573
149	0.002675	0.019094	0.024693	0.011079	0.006623	0.002719	0.002910	0.000051	0.000003	0.015664	0.002675
150	0.002780	0.017775	0.024631	0.011271	0.006758	0.002811	0.002990	0.000051	0.000003	0.016246	0.002780
151	0.002867	0.016505	0.024566	0.011482	0.006917	0.002854	0.003046	0.000047	0.000004	0.016711	0.002867
152	0.002942	0.015238	0.024364	0.011707	0.006966	0.002926	0.003127	0.000045	0.000003	0.017254	0.002942
153	0.002979	0.014137	0.023986	0.011798	0.007114	0.002963	0.003218	0.000047	0.000003	0.017687	0.002979
154	0.003085	0.013009	0.023756	0.011897	0.007135	0.003003	0.003283	0.000043	0.000003	0.018045	0.003085
155	0.003161	0.011925	0.023343	0.011967	0.007220	0.003047	0.003298	0.000042	0.000002	0.018418	0.003161
156	0.003212	0.010942	0.022868	0.011994	0.007176	0.003051	0.003354	0.000042	0.000003	0.018773	0.003212
157	0.003257	0.009941	0.022293	0.011983	0.007162	0.003050	0.003413	0.000038	0.000003	0.019089	0.003257
158	0.003299	0.009116	0.021640	0.011913	0.007129	0.003069	0.003400	0.000042	0.000004	0.019276	0.003299
159	0.003332	0.008338	0.021065	0.011853	0.007074	0.003039	0.003409	0.000041	0.000003	0.019395	0.003332
160	0.003335	0.007682	0.020282	0.011709	0.007024	0.003075	0.003411	0.000043	0.000003	0.019495	0.003335
161	0.003321	0.007023	0.019526	0.011558	0.006988	0.003011	0.003424	0.000044	0.000004	0.019519	0.003321
162	0.003360	0.006433	0.018692	0.011346	0.006776	0.002972	0.003397	0.000041	0.000003	0.019575	0.003360
163	0.003345	0.005899	0.017909	0.011068	0.006709	0.002906	0.003357	0.000044	0.000004	0.019500	0.003345
164	0.003281	0.005483	0.017051	0.010813	0.006506	0.002855	0.003340	0.000046	0.000002	0.019312	0.003281
165	0.003292	0.005039	0.016214	0.010613	0.006359	0.002816	0.003290	0.000046	0.000004	0.019104	0.003292
166	0.003258	0.004714	0.015408	0.010230	0.006171	0.002730	0.003282	0.000047	0.000003	0.018939	0.003258
167	0.003222	0.004404	0.014555	0.009952	0.005901	0.002672	0.003207	0.000049	0.000003	0.018627	0.003222
168	0.003157	0.004127	0.013665	0.009495	0.005753	0.002570	0.003158	0.000046	0.000003	0.018272	0.003157
169	0.003137	0.003817	0.012816	0.009157	0.005507	0.002484	0.003087	0.000044	0.000004	0.017912	0.003137
170	0.003077	0.003611	0.012045	0.008788	0.005260	0.002410	0.003029	0.000042	0.000002	0.017484	0.003077
171	0.002976	0.003447	0.011254	0.008433	0.005099	0.002295	0.002949	0.000049	0.000003	0.016966	0.002976
172	0.002934	0.003237	0.010455	0.008037	0.004797	0.002209	0.002862	0.000047	0.000003	0.016496	0.002934
173	0.002861	0.003073	0.009770	0.007573	0.004561	0.002121	0.002780	0.000046	0.000004	0.015885	0.002861
174	0.002763	0.002863	0.009011	0.007235	0.004320	0.002029	0.002693	0.000046	0.000004	0.015397	0.002763
175	0.002705	0.002701	0.008353	0.006846	0.004130	0.001901	0.002611	0.000048	0.000003	0.014707	0.002705
176	0.002623	0.002565	0.007738	0.006388	0.003845	0.001858	0.002472	0.000045	0.000003	0.014188	0.002623
177	0.002487	0.002442	0.007186	0.006033	0.003629	0.001760	0.002396	0.000045	0.000003	0.013599	0.002487
178	0.002394	0.002301	0.006600	0.005609	0.003387	0.001634	0.002337	0.000050	0.000004	0.012997	0.002394
179	0.002316	0.002181	0.006127	0.005275	0.003161	0.001531	0.002229	0.000047	0.000004	0.012299	0.002316
180	0.002244	0.002062	0.005671	0.004933	0.003000	0.001451	0.002138	0.000047	0.000003	0.011754	0.002244
181	0.002148	0.001945	0.005238	0.004563	0.002777	0.001352	0.002019	0.000045	0.000003	0.011088	0.002148
182	0.002045	0.001852	0.004846	0.004302	0.002559	0.001249	0.001938	0.000045	0.000003	0.010504	0.002045
183	0.001941	0.001748	0.004477	0.004023	0.002393	0.001196	0.001836	0.000048	0.000004	0.009898	0.001941
184	0.001831	0.001622	0.004182	0.003696	0.002227	0.001114	0.001770	0.000048	0.000004	0.009289	0.001831
185	0.001792	0.001546	0.003838	0.003432	0.002066	0.001019	0.001670	0.000048	0.000003	0.008767	0.001792
186	0.001681	0.001444	0.003637	0.003169	0.001915	0.000943	0.001581	0.000042	0.000003	0.008286	0.001681
187	0.001579	0.001361	0.003390	0.002937	0.001754	0.000898	0.001505	0.000044	0.000004	0.007698	0.001579
188	0.001506	0.001283	0.003170	0.002745	0.001615	0.000830	0.001434	0.000047	0.000004	0.007256	0.001506
189	0.001431	0.001207	0.002917	0.002534	0.001502	0.000771	0.001352	0.000044	0.000004	0.006772	0.001431
190	0.001361	0.001125	0.002762	0.002300	0.001411	0.000718	0.001276	0.000046	0.000004	0.006291	0.001361
191	0.001286	0.001033	0.002607	0.002188	0.001310	0.000674	0.001202	0.000049	0.000004	0.005892	0.001286
192	0.001202	0.000973	0.002443	0.002022	0.001217	0.000618	0.001135	0.000044	0.000004	0.005521	0.001202
193	0.001131	0.000933	0.002288	0.001875	0.001128	0.000590	0.001079	0.000048	0.000002	0.005140	0.001131
194	0.001070	0.000853	0.002167	0.001747	0.001047	0.000536	0.001005	0.000042	0.000004	0.004810	0.001070
195	0.001002	0.000817	0.002022	0.001627	0.000998	0.000510	0.000967	0.000047	0.000003	0.004464	0.001002
196	0.000952	0.000758	0.001923	0.001515	0.000920	0.000461	0.000892	0.000045	0.000003	0.004154	0.000952
197	0.000889	0.000704	0.001818	0.001417	0.000851	0.000435	0.000836	0.000043	0.000004	0.003878	0.000889
198	0.000837	0.000653	0.001675	0.001336	0.000819	0.000412	0.000800	0.000044	0.000004	0.003662	0.000837
199	0.000776	0.000627	0.001624	0.001252	0.000776	0.000380	0.000729	0.000045	0.000004	0.003407	0.000776
200	0.000732	0.000579	0.001516	0.001187	0.000717	0.000363	0.000700	0.000046	0.000004	0.003166	0.000732
201	0.000677	0.000553	0.001447	0.001103	0.000659	0.000326	0.000649	0.000049	0.000005	0.002997	0.000677
202	0.000626	0.000523	0.001335	0.001056	0.000623	0.000309	0.000629	0.000048	0.000004	0.002775	0.000626
203	0.000603	0.000486	0.001267	0.000991	0.000600	0.000285	0.000582	0.000045	0.000003	0.002621	0.000603
204	0.000567	0.000467	0.001204	0.000913	0.000554	0.000271	0.000538	0.000048	0.000003	0.002440	0.000567
205	0.000520	0.000424	0.001119	0.000878	0.000517	0.000258	0.000503	0.000043	0.000003	0.002320	0.000520
206	0.000488	0.000395	0.001058	0.000805	0.000490	0.000247	0.000472	0.000047	0.000003	0.002167	0.000488
207	0.000450	0.000374	0.001005	0.000779	0.000472	0.000229	0.000435	0.000047	0.000003	0.002020	0.000450
208	0.000412	0.000358	0.000939	0.000726	0.000433	0.000209	0.000412	0.000044	0.000003	0.001914	0.000412
209	0.000382	0.000330	0.000877	0.000679	0.000415	0.000203	0.000389	0.000044	0.000004	0.001792	0.000382
210	0.000357	0.000303	0.000825	0.000640	0.000379	0.000192	0.000358	0.000048	0.000004	0.001717	0.000357
211	0.000331	0.000286	0.000776	0.000612	0.000357	0.000176	0.000343	0.000046	0.000003	0.001598	0.000331
212	0.000315	0.000263	0.000721	0.000579	0.000340	0.000166	0.000298	0.000046	0.000003	0.001488	0.000315
213	0.000281	0.000248	0.000680	0.000543	0.000324	0.000158	0.000290	0.000042	0.000004	0.001415	0.000281
214	0.000258	0.000237	0.000635	0.000503	0.000309	0.000148	0.000270	0.000050	0.000004	0.001337	0.000258
215	0.000230	0.000229	0.000589	0.000474	0.000275	0.000141	0.000254	0.000051	0.000003	0.001269	0.000230
216	0.000214	0.000211	0.000542	0.000446	0.000277	0.000133	0.000232	0.000047	0.000004	0.001195	0.000214
217	0.000202	0.000186	0.000522	0.000422	0.000250	0.000121	0.000218	0.000047	0.000003	0.001119	0.000202
218	0.000182	0.000183	0.000492	0.000395	0.000234	0.000112	0.000208	0.000045	0.000004	0.001055	0.000182
219	0.000168	0.000168	0.000458	0.000367	0.000223	0.000104	0.000195	0.000046	0.000003	0.000985	0.000168
220	0.000165	0.000158	0.000427	0.000343	0.000215	0.000108	0.000177	0.000045	0.000004	0.000946	0.000165
221	0.000146	0.000151	0.000405	0.000319	0.000202	0.000102	0.000169	0.000048	0.000003	0.000875	0.000146
222	0.000130	0.000139	0.000382	0.000305	0.000183	0.000096	0.000167	0.000047	0.000003	0.000815	0.000130
223	0.000122	0.000129	0.000353	0.000292	0.000163	0.000081	0.000145	0.000043	0.000004	0.000789	0.000122
224	0.000113	0.000117	0.000340	0.000264	0.000155	0.000079	0.000143	0.000045	0.000003	0.000730	0.000113
225	0.000099	0.000112	0.000311	0.000259	0.000140	0.000076	0.000131	0.000050	0.000003	0.000696	0.000099
226	0.000092	0.000107	0.000296	0.000236	0.000137	0.000066	0.000124	0.000049	0.000004	0.000659	0.000092
227	0.000080	0.000101	0.000272	0.000229	0.000131	0.000066	0.000111	0.000052	0.000003	0.000638	0.000080
228	0.000076	0.000088	0.000260	0.000204	0.000125	0.000060	0.000099	0.000046	0.000004	0.000574	0.000076
229	0.000066	0.000086	0.000247	0.000194	0.000117	0.000055	0.000105	0.000048	0.000003	0.000543	0.000066
230	0.000059	0.000080	0.000232	0.000181	0.000109	0.000053	0.000095	0.000040	0.000003	0.000512	0.000059
231	0.000057	0.000080	0.000210	0.000177	0.000105	0.000052	0.000087	0.000044	0.000003	0.000484	0.000057
232	0.000048	0.000072	0.000193	0.000160	0.000099	0.000048	0.000087	0.000045	0.000003	0.000465	0.000048
233	0.000042	0.000066	0.000181	0.000150	0.000093	0.000044	0.000074	0.000047	0.000002	0.000434	0.000042
234	0.000035	0.000060	0.000173	0.000136	0.000086	0.000039	0.000068	0.000049	0.000003	0.000422	0.000035
235	0.000033	0.000055	0.000161	0.000131	0.000078	0.000039	0.000069	0.000045	0.000003	0.000384	0.000033
236	0.000026	0.000054	0.000150	0.000120	0.000079	0.000034	0.000063	0.000044	0.000003	0.000358	0.000026
237	0.000030	0.000048	0.000145	0.000116	0.000069	0.000035	0.000062	0.000039	0.000003	0.000339	0.000030
238	0.000022	0.000049	0.000136	0.000108	0.000065	0.000030	0.000057	0.000044	0.000003	0.000327	0.000022
239	0.000015	0.000041	0.000123	0.000096	0.000064	0.000030	0.000052	0.000047	0.000002	0.000298	0.000015
240	0.000014	0.000040	0.000111	0.000098	0.000058	0.000030	0.000049	0.000043	0.000003	0.000298	0.000014
241	0.000003	0.000037	0.000109	0.000088	0.000050	0.000029	0.000045	0.000050	0.000002	0.000278	0.000003
242	0.000005	0.000035	0.000099	0.000081	0.000048	0.000026	0.000044	0.000046	0.000002	0.000257	0.000005
243	0.000002	0.000032	0.000094	0.000075	0.000048	0.000022	0.000038	0.000044	0.000003	0.000250	0.000002
244	0.000004	0.000033	0.000090	0.000071	0.000044	0.000021	0.000038	0.000042	0.000003	0.000238	0.000004
245	0.000002	0.000028	0.000085	0.000069	0.000038	0.000021	0.000035	0.000039	0.000003	0.000223	0.000002
246	0.000002	0.000030	0.000076	0.000064	0.000041	0.000019	0.000031	0.000034	0.000002	0.000217	0.000002
247	0.000002	0.000025	0.000071	0.000061	0.000035	0.000018	0.000032	0.000036	0.000002	0.000217	0.000002
248	0.000002	0.000022	0.000065	0.000055	0.000033	0.000017	0.000032	0.000032	0.000002	0.000193	0.000002
249	0.000003	0.000025	0.000061	0.000052	0.000034	0.000016	0.000031	0.000028	0.000002	0.000175	0.000003
250	0.000003	0.000022	0.000059	0.000050	0.000028	0.000016	0.000024	0.000032	0.000003	0.000176	0.000003
251	0.000002	0.000019	0.000052	0.000044	0.000030	0.000013	0.000027	0.000028	0.000002	0.000164	0.000002
252	0.000002	0.000020	0.000053	0.000042	0.000025	0.000014	0.000022	0.000026	0.000003	0.000159	0.000002
253	0.000002	0.000019	0.000046	0.000039	0.000024	0.000010	0.000021	0.000022	0.000002	0.000144	0.000002
254	0.000002	0.000019	0.000047	0.000035	0.000023	0.000012	0.000019	0.000023	0.000003	0.000136	0.000002
255	0.000002	0.000014	0.000043	0.000037	0.000021	0.000011	0.000019	0.000021	0.000002	0.000132	0.000002
256	0.000002	0.000016	0.000033	0.000033	0.000020	0.000008	0.000017	0.000020	0.000002	0.000139	0.000002
257	0.000002	0.000013	0.000039	0.000031	0.000017	0.000009	0.000015	0.000019	0.000002	0.000126	0.000002
258	0.000002	0.000014	0.000034	0.000028	0.000015	0.000008	0.000016	0.000016	0.000002	0.000123	0.000002
259	0.000003	0.000012	0.000034	0.000022	0.000015	0.000008	0.000013	0.000015	0.000002	0.000112	0.000003
260	0.000001	0.000011	0.000031	0.000024	0.000016	0.000008	0.000012	0.000014	0.000002	0.000110	0.000001
261	0.000002	0.000011	0.000028	0.000023	0.000013	0.000006	0.000014	0.000013	0.000002	0.000106	0.000002
262	0.000002	0.000011	0.000027	0.000021	0.000012	0.000006	0.000010	0.000015	0.000002	0.000097	0.000002
263	0.000001	0.000009	0.000024	0.000018	0.000012	0.000006	0.000011	0.000009	0.000001	0.000096	0.000001
264	0.000002	0.000009	0.000024	0.000020	0.000013	0.000006	0.000010	0.000012	0.000002	0.000093	0.000002
265	0.000002	0.000009	0.000023	0.000016	0.000010	0.000006	0.000010	0.000010	0.000001	0.000086	0.000002
266	0.000002	0.000007	0.000023	0.000018	0.000008	0.000004	0.000008	0.000010	0.000002	0.000078	0.000002
267	0.000002	0.000007	0.000019	0.000013	0.000009	0.000005	0.000010	0.000009	0.000002	0.000076	0.000002
268	0.000001	0.000007	0.000016	0.000015	0.000011	0.000005	0.000008	0.000009	0.000001	0.000072	0.000001
269	0.000002	0.000006	0.000016	0.000016	0.000009	0.000004	0.000009	0.000009	0.000002	0.000067	0.000002
270	0.000002	0.000008	0.000017	0.000013	0.000009	0.000003	0.000007	0.000008	0.000001	0.000070	0.000002
271	0.000002	0.000007	0.000014	0.000011	0.000009	0.000005	0.000006	0.000009	0.000002	0.000066	0.000002
272	0.000002	0.000005	0.000015	0.000009	0.000008	0.000003	0.000006	0.000008	0.000002	0.000065	0.000002
273	0.000002	0.000004	0.000013	0.000011	0.000006	0.000004	0.000006	0.000005	0.000002	0.000057	0.000002
274	0.000002	0.000006	0.000013	0.000010	0.000006	0.000003	0.000006	0.000006	0.000001	0.000052	0.000002
275	0.000002	0.000004	0.000011	0.000009	0.000007	0.000002	0.000005	0.000006	0.000001	0.000055	0.000002
276	0.000002	0.000004	0.000010	0.000010	0.000005	0.000003	0.000004	0.000005	0.000001	0.000053	0.000002
277	0.000001	0.000004	0.000011	0.000008	0.000004	0.000003	0.000004	0.000004	0.000001	0.000051	0.000001
278	0.000002	0.000004	0.000009	0.000007	0.000005	0.000003	0.000004	0.000005	0.000001	0.000044	0.000002
279	0.000001	0.000004	0.000009	0.000008	0.000004	0.000003	0.000004	0.000004	0.000001	0.000042	0.000001
280	0.000001	0.000004	0.000007	0.000007	0.000004	0.000002	0.000003	0.000004	0.000000	0.000042	0.000001
281	0.000001	0.000003	0.000008	0.000007	0.000004	0.000001	0.000003	0.000004	0.000001	0.000044	0.000001
282	0.000001	0.000003	0.000007	0.000006	0.000004	0.000002	0.000003	0.000003	0.000002	0.000042	0.000001
283	0.000001	0.000002	0.000007	0.000004	0.000004	0.000001	0.000003	0.000002	0.000000	0.000039	0.000001
284	0.000002	0.000003	0.000008	0.000005	0.000001	0.000001	0.000003	0.000004	0.000001	0.000033	0.000002
285	0.000001	0.000002	0.000007	0.000005	0.000003	0.000002	0.000003	0.000003	0.000001	0.000033	0.000001
286	0.000001	0.000002	0.000005	0.000004	0.000003	0.000002	0.000003	0.000004	0.000001	0.000032	0.000001
287	0.000002	0.000002	0.000006	0.000004	0.000003	0.000001	0.000002	0.000003	0.000001	0.000027	0.000002
288	0.000002	0.000002	0.000006	0.000003	0.000003	0.000001	0.000002	0.000003	0.000001	0.000029	0.000002
289	0.000001	0.000002	0.000006	0.000004	0.000002	0.000001	0.000001	0.000002	0.000001	0.000023	0.000001
290	0.000001	0.000002	0.000005	0.000004	0.000002	0.000001	0.000002	0.000001	0.000000	0.000026	0.000001
291	0.000001	0.000002	0.000005	0.000005	0.000002	0.000001	0.000002	0.000003	0.000000	0.000023	0.000001
292	0.000001	0.000002	0.000004	0.000004	0.000001	0.000002	0.000002	0.000001	0.000001	0.000024	0.000001
293	0.000001	0.000002	0.000003	0.000002	0.000001	0.000001	0.000002	0.000002	0.000001	0.000021	0.000001
294	0.000001	0.000002	0.000003	0.000003	0.000002	0.000001	0.000001	0.000002	0.000000	0.000017	0.000001
295	0.000001	0.000001	0.000003	0.000003	0.000002	0.000001	0.000001	0.000002	0.000000	0.000018	0.000001
296	0.000001	0.000001	0.000004	0.000002	0.000001	0.000001	0.000001	0.000001	0.000000	0.000016	0.000001
297	0.000001	0.000001	0.000003	0.000002	0.000002	0.000001	0.000001	0.000001	0.000000	0.000017	0.000001
298	0.000001	0.000001	0.000003	0.000002	0.000001	0.000001	0.000002	0.000001	0.000000	0.000013	0.000001
299	0.000001	0.000000	0.000003	0.000002	0.000001	0.000001	0.000001	0.000001	0.000000	0.000013	0.000001
300	0.000001	0.000001	0.000003	0.000002	0.000001	0.000001	0.000000	0.000002	0.000000	0.000013	0.000001
301	0.000001	0.000001	0.000002	0.000002	0.000001	0.000000	0.000001	0.000000	0.000000	0.000011	0.000001
302	0.000001	0.000001	0.000002	0.000002	0.000001	0.000001	0.000001	0.000001	0.000000	0.000010	0.000001
303	0.000001	0.000000	0.000002	0.000002	0.000001	0.000001	0.000001	0.000001	0.000000	0.000010	0.000001
304	0.000001	0.000001	0.000002	0.000002	0.000001	0.000000	0.000001	0.000001	0.000000	0.000011	0.000001
305	0.000001	0.000001	0.000002	0.000001	0.000001	0.000000	0.000000	0.000001	0.000000	0.000009	0.000001
306	0.000000	0.000001	0.000002	0.000001	0.000001	0.000000	0.000000	0.000001	0.000000	0.000008	0.000000
307	0.000001	0.000000	0.000001	0.000001	0.000001	0.000001	0.000000	0.000001	0.000000	0.000009	0.000001
308	0.000001	0.000001	0.000001	0.000001	0.000001	0.000001	0.000001	0.000000	0.000000	0.000008	0.000001
309	0.000000	0.000001	0.000002	0.000001	0.000001	0.000000	0.000000	0.000000	0.000000	0.000008	0.000000
310	0.000001	0.000001	0.000001	0.000001	0.000000	0.000000	0.000001	0.000001	0.000000	0.000007	0.000001
311	0.000001	0.000000	0.000001	0.000001	0.000001	0.000000	0.000001	0.000000	0.000000	0.000008	0.000001
312	0.000001	0.000000	0.000001	0.000001	0.000000	0.000000	0.000000	0.000000	0.000000	0.000007	0.000001
313	0.000001	0.000000	0.000001	0.000001	0.000000	0.000000	0.000001	0.000001	0.000000	0.000006	0.000001
314	0.000001	0.000001	0.000001	0.000001	0.000001	0.000000	0.000000	0.000000	0.000000	0.000006	0.000001
315	0.000000	0.000000	0.000001	0.000001	0.000000	0.000000	0.000001	0.000000	0.000000	0.000005	0.000000
316	0.000000	0.000000	0.000001	0.000001	0.000000	0.000000	0.000000	0.000000	0.000000	0.000005	0.000000
317	0.000001	0.000001	0.000001	0.000001	0.000001	0.000000	0.000000	0.000001	0.000000	0.000004	0.000001
318	0.000000	0.000000	0.000001	0.000000	0.000000	0.000000	0.000000	0.000000	0.000000	0.000004	0.000000
319	0.000001	0.000000	0.000000	0.000000	0.000000	0.000000	0.000000	0.000000	0.000000	0.000005	0.000001
320	0.000000	0.000000	0.000001	0.000001	0.000000	0.000000	0.000000	0.000000	0.000000	0.000005	0.000000
321	0.000000	0.000000	0.000001	0.000000	0.000000	0.000000	0.000000	0.000000	0.000000	0.000004	0.000000
322	0.000001	0.000000	0.000000	0.000000	0.000000	0.000000	0.000000	0.000001	0.000000	0.000003	0.000001
323	0.000000	0.000000	0.000001	0.000000	0.000000	0.000000	0.000000	0.000000	0.000000	0.000003	0.000000
324	0.000001	0.000000	0.000000	0.000000	0.000000	0.000000	0.000000	0.000000	0.000000	0.000003	0.000001
325	0.000000	0.000000	0.000000	0.000000	0.000000	0.000000	0.000000	0.000000	0.000000	0.000002	0.000000
326	0.000000	0.000000	0.000000	0.000000	0.000000	0.000000	0.000000	0.000000	0.000000	0.000002	0.000000
327	0.000000	0.000000	0.000001	0.000000	0.000000	0.000000	0.000000	0.000000	0.000000	0.000002	0.000000
328	0.000000	0.000000	0.000000	0.000000	0.000000	0.000000	0.000000	0.000000	0.000000	0.000002	0.000000
329	0.000000	0.000000	0.000000	0.000000	0.000000	0.000000	0.000000	0.000001	0.000000	0.000002	0.000000
330	0.000000	0.000000	0.000000	0.000000	0.000001	0.000000	0.000000	0.000000	0.000000	0.000002	0.000000
331	0.000000	0.000000	0.000000	0.000000	0.000000	0.000000	0.000000	0.000000	0.000000	0.000002	0.000000
332	0.000000	0.000000	0.000001	0.000000	0.000000	0.000000	0.000000	0.000000	0.000000	0.000002	0.000000
333	0.000000	0.000000	0.000000	0.000000	0.000000	0.000000	0.000000	0.000000	0.000000	0.000001	0.000000
334	0.000000	0.000000	0.000000	0.000000	0.000000	0.000000	0.000000	0.000000	0.000000	0.000002	0.000000
335	0.000000	0.000000	0.000000	0.000000	0.000000	0.000000	0.000000	0.000000	0.000000	0.000002	0.000000
336	0.000000	0.000000	0.000000	0.000000	0.000000	0.000000	0.000000	0.000000	0.000000	0.000001	0.000000
337	0.000000	0.000000	0.000000	0.000000	0.000000	0.000000	0.000000	0.000000	0.000000	0.000001	0.000000
338	0.000000	0.000000	0.000000	0.000000	0.000000	0.000000	0.000000	0.000000	0.000000	0.000002	0.000000
339	0.000000	0.000000	0.000000	0.000000	0.000000	0.000000	0.000000	0.000000	0.000000	0.000001	0.000000
340	0.000000	0.000000	0.000000	0.000000	0.000000	0.000000	0.000000	0.000000	0.000000	0.000001	0.000000
341	0.000000	0.000000	0.000000	0.000000	0.000000	0.000000	0.000000	0.000000	0.000000	0.000002	0.000000
342	0.000000	0.000000	0.000000	0.000000	0.000000	0.000000	0.000000	0.000000	0.000000	0.000001	0.000000
343	0.000000	0.000000	0.000000	0.000000	0.000000	0.000000	0.000000	0.000000	0.000000	0.000001	0.000000
344	0.000000	0.000000	0.000000	0.000000	0.000000	0.000000	0.000000	0.000000	0.000000	0.000001	0.000000
345	0.000000	0.000000	0.000000	0.000000	0.000000	0.000000	0.000000	0.000000	0.000000	0.000001	0.000000
346	0.000000	0.000000	0.000000	0.000000	0.000000	0.000000	0.000000	0.000000	0.000000	0.000001	0.000000
347	0.000000	0.000000	0.000000	0.000000	0.000000	0.000000	0.000000	0.000000	0.000000	0.000001	0.000000
348	0.000000	0.000000	0.000000	0.000000	0.000000	0.000000	0.000000	0.000000	0.000000	0.000001	0.000000
349	0.000000	0.000000	0.000000	0.000000	0.000000	0.000000	0.000000	0.000000	0.000000	0.000001	0.000000
350	0.000000	0.000000	0.000000	0.000000	0.000000	0.000000	0.000000	0.000000	0.000000	0.000000	0.000000
351	0.000000	0.000000	0.000000	0.000000	0.000000	0.000000	0.000000	0.000000	0.000000	0.000000	0.000000
352	0.000000	0.000000	0.000000	0.000000	0.000000	0.000000	0.000000	0.000000	0.000000	0.000001	0.000000
353	0.000000	0.000000	0.000000	0.000000	0.000000	0.000000	0.000000	0.000000	0.000000	0.000000	0.000000
354	0.000000	0.000000	0.000000	0.000000	0.000000	0.000000	0.000000	0.000000	0.000000	0.000000	0.000000
355	0.000000	0.000000	0.000000	0.000000	0.000000	0.000000	0.000000	0.000000	0.000000	0.000001	0.000000
356	0.000000	0.000000	0.000000	0.000000	0.000000	0.000000	0.000000	0.000000	0.000000	0.000000	0.000000
357	0.000000	0.000000	0.000000	0.000000	0.000000	0.000000	0.000000	0.000000	0.000000	0.000001	0.000000
358	0.000000	0.000000	0.000000	0.000000	0.000000	0.000000	0.000000	0.000000	0.000000	0.000000	0.000000
359	0.000000	0.000000	0.000000	0.000000	0.000000	0.000000	0.000000	0.000000	0.000000	0.000000	0.000000
360	0.000000	0.000000	0.000000	0.000000	0.000000	0.000000	0.000000	0.000000	0.000000	0.000000	0.000000
361	0.000000	0.000000	0.000000	0.000000	0.000000	0.000000	0.000000	0.000000	0.000000	0.000000	0.000000
362	0.000000	0.000000	0.000000	0.000000	0.000000	0.000000	0.000000	0.000000	0.000000	0.000000	0.000000
363	0.000000	0.000000	0.000000	0.000000	0.000000	0.000000	0.000000	0.000000	0.000000	0.000000	0.000000
364	0.000000	0.000000	0.000000	0.000000	0.000000	0.000000	0.000000	0.000000	0.000000	0.000000	0.000000
365	0.000000	0.000000	0.000000	0.000000	0.000000	0.000000	0.000000	0.000000	0.000000	0.000000	0.000000
366	0.000000	0.000000	0.000000	0.000000	0.000000	0.000000	0.000000	0.000000	0.000000	0.000000	0.000000
367	0.000000	0.000000	0.000000	0.000000	0.000000	0.000000	0.000000	0.000000	0.000000	0.000000	0.000000
368	0.000000	0.000000	0.000000	0.000000	0.000000	0.000000	0.000000	0.000000	0.000000	0.000000	0.000000
369	0.000000	0.000000	0.000000	0.000000	0.000000	0.000000	0.000000	0.000000	0.000000	0.000000	0.000000
370	0.000000	0.000000	0.000000	0.000000	0.000000	0.000000	0.000000	0.000000	0.000000	0.000000	0.000000
371	0.000000	0.000000	0.000000	0.000000	0.000000	0.000000	0.000000	0.000000	0.000000	0.000000	0.000000
372	0.000000	0.000000	0.000000	0.000000	0.000000	0.000000	0.000000	0.000000	0.000000	0.000000	0.000000
373	0.000000	0.000000	0.000000	0.000000	0.000000	0.000000	0.000000	0.000000	0.000000	0.000000	0.000000
374	0.000000	0.000000	0.000000	0.000000	0.000000	0.000000	0.000000	0.000000	0.000000	0.000000	0.000000
375	0.000000	0.000000	0.000000	0.000000	0.000000	0.000000	0.000000	0.000000	0.000000	0.000000	0.000000
376	0.000000	0.000000	0.000000	0.000000	0.000000	0.000000	0.000000	0.000000	0.000000	0.000000	0.000000
377	0.000000	0.000000	0.000000	0.000000	0.000000	0.000000	0.000000	0.000000	0.000000	0.000000	0.000000
378	0.000000	0.000000	0.000000	0.000000	0.000000	0.000000	0.000000	0.000000	0.000000	0.000000	0.000000
379	0.000000	0.000000	0.000000	0.000000	0.000000	0.000000	0.000000	0.000000	0.000000	0.000000	0.000000
380	0.000000	0.000000	0.000000	0.000000	0.000000	0.000000	0.000000	0.000000	0.000000	0.000000	0.000000
381	0.000000	0.000000	0.000000	0.000000	0.000000	0.000000	0.000000	0.000000	0.000000	0.000000	0.000000
382	0.000000	0.000000	0.000000	0.000000	0.000000	0.000000	0.000000	0.000000	0.000000	0.000000	0.000000
383	0.000000	0.000000	0.000000	0.000000	0.000000	0.000000	0.000000	0.000000	0.000000	0.000000	0.000000
384	0.000000	0.000000	0.000000	0.000000	0.000000	0.000000	0.000000	0.000000	0.000000	0.000000	0.000000
385	0.000000	0.000000	0.000000	0.000000	0.000000	0.000000	0.000000	0.000000	0.000000	0.000000	0.000000
386	0.000000	0.000000	0.000000	0.000000	0.000000	0.000000	0.000000	0.000000	0.000000	0.000000	0.000000
387	0.000000	0.000000	0.000000	0.000000	0.000000	0.000000	0.000000	0.000000	0.000000	0.000000	0.000000
388	0.000000	0.000000	0.000000	0.000000	0.000000	0.000000	0.000000	0.000000	0.000000	0.000000	0.000000
389	0.000000	0.000000	0.000000	0.000000	0.000000	0.000000	0.000000	0.000000	0.000000	0.000000	0.000000
390	0.000000	0.000000	0.000000	0.000000	0.000000	0.000000	0.000000	0.000000	0.000000	0.000000	0.000000
391	0.000000	0.000000	0.000000	0.000000	0.000000	0.000000	0.000000	0.000000	0.000000	0.000000	0.000000
392	0.000000	0.000000	0.000000	0.000000	0.000000	0.000000	0.000000	0.000000	0.000000	0.000000	0.000000
393	0.000000	0.000000	0.000000	0.000000	0.000000	0.000000	0.000000	0.000000	0.000000	0.000000	0.000000
394	0.000000	0.000000	0.000000	0.000000	0.000000	0.000000	0.000000	0.000000	0.000000	0.000000	0.000000
395	0.000000	0.000000	0.000000	0.000000	0.000000	0.000000	0.000000	0.000000	0.000000	0.000000	0.000000
396	0.000000	0.000000	0.000000	0.000000	0.000000	0.000000	0.000000	0.000000	0.000000	0.000000	0.000000
397	0.000000	0.000000	0.000000	0.000000	0.000000	0.000000	0.000000	0.000000	0.000000	0.000000	0.000000
398	0.000000	0.000000	0.000000	0.000000	0.000000	0.000000	0.000000	0.000000	0.000000	0.000000	0.000000
399	0.000000	0.000000	0.000000	0.000000	0.000000	0.000000	0.000000	0.000000	0.000000	0.000000	0.000000
400	0.000000	0.000000	0.000000	0.000000	0.000000	0.000000	0.000000	0.000000	0.000000	0.000000	0.000000
