0	0.000000	0.000000	0.000000	0.000000	0.000000	0.000000	0.000000	0.000000	0.000000	0.000000	0.000000
1	0.004640	0.000000	0.000000	0.000000	0.000000	0.000000	0.000000	0.000000	0.000000	0.000000	0.000000
2	0.000000	0.000000	0.000000	0.000000	0.000000	0.000000	0.000000	0.000000	0.000000	0.000000	0.000000
3	0.000000	0.000000	0.000000	0.000000	0.000000	0.000000	0.000000	0.000000	0.000000	0.000000	0.000000
4	0.000000	0.000000	0.000000	0.000000	0.000000	0.000000	0.000000	0.000000	0.000000	0.000000	0.000000
5	0.000000	0.000000	0.000000	0.000000	0.000000	0.000000	0.000000	0.000000	0.000000	0.000000	0.000000
6	0.000000	0.000000	0.000000	0.000000	0.000000	0.000000	0.000000	0.000000	0.000000	0.000000	0.000000
7	0.000000	0.000000	0.000001	0.000000	0.000000	0.000000	0.000000	0.000000	0.000000	0.000000	0.000000
8	0.000000	0.000001	0.000000	0.000000	0.000000	0.000000	0.000000	0.000000	0.000000	0.000000	0.000000
9	0.000000	0.000000	0.000000	0.000000	0.000000	0.000000	0.000000	0.000000	0.000000	0.000000	0.000000
10	0.000000	0.000000	0.000000	0.000000	0.000000	0.000000	0.000000	0.000000	0.000000	0.000000	0.000000
11	0.000000	0.000000	0.000000	0.000000	0.000000	0.000000	0.000000	0.000000	0.000000	0.000000	0.000000
12	0.000000	0.000000	0.000000	0.000000	0.000000	0.000000	0.000000	0.000000	0.000000	0.000000	0.000000
13	0.000000	0.000001	0.000000	0.000000	0.000000	0.000000	0.000000	0.000000	0.000000	0.000000	0.000000
14	0.000000	0.000001	0.000000	0.000000	0.000000	0.000000	0.000000	0.000000	0.000000	0.000000	0.000000
15	0.000000	0.000001	0.000000	0.000000	0.000000	0.000000	0.000000	0.000000	0.000000	0.000000	0.000000
16	0.000000	0.000001	0.000000	0.000000	0.000000	0.000000	0.000000	0.000000	0.000000	0.000000	0.000000
17	0.000000	0.000001	0.000000	0.000000	0.000000	0.000000	0.000000	0.000000	0.000000	0.000000	0.000000
18	0.000000	0.000001	0.000001	0.000000	0.000000	0.000000	0.000000	0.000000	0.000000	0.000000	0.000000
19	0.000000	0.000002	0.000001	0.000000	0.000000	0.000000	0.000000	0.000000	0.000000	0.000000	0.000000
20	0.000000	0.000001	0.000001	0.000000	0.000000	0.000000	0.000000	0.000000	0.000000	0.000000	0.000000
21	0.000000	0.000001	0.000001	0.000000	0.000000	0.000000	0.000000	0.000000	0.000000	0.000000	0.000000
22	0.000000	0.000003	0.000001	0.000001	0.000000	0.000000	0.000000	0.000000	0.000000	0.000000	0.000000
23	0.000000	0.000003	0.000001	0.000000	0.000000	0.000000	0.000000	0.000000	0.000000	0.000001	0.000000
24	0.000000	0.000003	0.000002	0.000000	0.000000	0.000000	0.000000	0.000000	0.000000	0.000001	0.000000
25	0.000000	0.000002	0.000001	0.000000	0.000000	0.000000	0.000000	0.000000	0.000000	0.000000	0.000000
26	0.000000	0.000003	0.000001	0.000000	0.000000	0.000000	0.000000	0.000000	0.000000	0.000000	0.000000
27	0.000000	0.000004	0.000002	0.000000	0.000000	0.000000	0.000000	0.000000	0.000000	0.000000	0.000000
28	0.000000	0.000005	0.000001	0.000001	0.000001	0.000000	0.000000	0.000000	0.000000	0.000001	0.000000
29	0.000000	0.000004	0.000002	0.000001	0.000000	0.000000	0.000000	0.000000	0.000000	0.000001	0.000000
30	0.000000	0.000005	0.000003	0.000001	0.000001	0.000000	0.000000	0.000000	0.000000	0.000001	0.000000
31	0.000000	0.000006	0.000004	0.000001	0.000000	0.000000	0.000000	0.000000	0.000000	0.000001	0.000000
32	0.000000	0.000007	0.000003	0.000001	0.000001	0.000000	0.000000	0.000000	0.000000	0.000001	0.000000
33	0.000000	0.000007	0.000003	0.000001	0.000001	0.000000	0.000000	0.000000	0.000000	0.000002	0.000000
34	0.000000	0.000009	0.000005	0.000001	0.000001	0.000000	0.000000	0.000000	0.000000	0.000002	0.000000
35	0.000000	0.000010	0.000004	0.000001	0.000001	0.000000	0.000000	0.000000	0.000000	0.000002	0.000000
36	0.000000	0.000011	0.000006	0.000002	0.000002	0.000000	0.000000	0.000000	0.000000	0.000002	0.000000
37	0.000000	0.000014	0.000007	0.000002	0.000001	0.000001	0.000000	0.000000	0.000000	0.000003	0.000000
38	0.000000	0.000015	0.000006	0.000003	0.000002	0.000000	0.000001	0.000000	0.000000	0.000002	0.000000
39	0.000000	0.000015	0.000008	0.000003	0.000002	0.000001	0.000000	0.000001	0.000000	0.000004	0.000000
40	0.000000	0.000019	0.000008	0.000003	0.000002	0.000000	0.000001	0.000000	0.000000	0.000005	0.000000
41	0.000000	0.000020	0.000011	0.000002	0.000001	0.000001	0.000001	0.000000	0.000000	0.000003	0.000000
42	0.000000	0.000025	0.000011	0.000004	0.000003	0.000001	0.000002	0.000001	0.000000	0.000004	0.000000
43	0.000000	0.000027	0.000013	0.000004	0.000003	0.000001	0.000001	0.000001	0.000000	0.000005	0.000000
44	0.000000	0.000030	0.000012	0.000005	0.000002	0.000002	0.000001	0.000001	0.000000	0.000005	0.000000
45	0.000000	0.000033	0.000015	0.000007	0.000003	0.000001	0.000001	0.000001	0.000000	0.000007	0.000000
46	0.000000	0.000038	0.000017	0.000007	0.000003	0.000001	0.000002	0.000001	0.000000	0.000008	0.000000
47	0.000000	0.000041	0.000022	0.000005	0.000004	0.000002	0.000001	0.000001	0.000000	0.000011	0.000000
48	0.000000	0.000046	0.000024	0.000007	0.000005	0.000002	0.000002	0.000001	0.000000	0.000008	0.000000
49	0.000000	0.000056	0.000026	0.000009	0.000005	0.000001	0.000003	0.000001	0.000000	0.000011	0.000000
50	0.000000	0.000058	0.000030	0.000010	0.000006	0.000002	0.000002	0.000002	0.000000	0.000011	0.000000
51	0.000000	0.000074	0.000036	0.000011	0.000006	0.000002	0.000002	0.000002	0.000000	0.000016	0.000000
52	0.000000	0.000078	0.000036	0.000012	0.000008	0.000002	0.000003	0.000002	0.000000	0.000016	0.000000
53	0.000000	0.000087	0.000042	0.000014	0.000008	0.000004	0.000003	0.000003	0.000000	0.000016	0.000000
54	0.000000	0.000102	0.000049	0.000018	0.000010	0.000005	0.000004	0.000003	0.000000	0.000019	0.000000
55	0.000000	0.000115	0.000053	0.000020	0.000011	0.000005	0.000005	0.000004	0.000000	0.000025	0.000000
56	0.000000	0.000130	0.000063	0.000018	0.000011	0.000005	0.000004	0.000004	0.000000	0.000028	0.000000
57	0.000000	0.000146	0.000069	0.000022	0.000012	0.000007	0.000006	0.000004	0.000000	0.000029	0.000000
58	0.000000	0.000163	0.000081	0.000025	0.000016	0.000005	0.000007	0.000006	0.000000	0.000030	0.000000
59	0.000000	0.000180	0.000085	0.000027	0.000018	0.000007	0.000008	0.000007	0.000000	0.000034	0.000000
60	0.000000	0.000208	0.000098	0.000033	0.000021	0.000008	0.000009	0.000008	0.000000	0.000039	0.000000
61	0.000000	0.000242	0.000114	0.000036	0.000025	0.000008	0.000009	0.000009	0.000000	0.000048	0.000000
62	0.000000	0.000269	0.000133	0.000039	0.000024	0.000010	0.000013	0.000009	0.000000	0.000052	0.000000
63	0.000000	0.000308	0.000145	0.000048	0.000030	0.000010	0.000013	0.000011	0.000000	0.000059	0.000000
64	0.000000	0.000347	0.000164	0.000053	0.000029	0.000013	0.000013	0.000013	0.000000	0.000066	0.000000
65	0.000000	0.000395	0.000188	0.000063	0.000036	0.000013	0.000013	0.000011	0.000000	0.000078	0.000000
66	0.000000	0.000450	0.000203	0.000069	0.000045	0.000016	0.000016	0.000014	0.000000	0.000084	0.000000
67	0.000000	0.000493	0.000245	0.000079	0.000048	0.000017	0.000020	0.000015	0.000000	0.000093	0.000000
68	0.000000	0.000548	0.000262	0.000088	0.000049	0.000020	0.000023	0.000019	0.000000	0.000115	0.000000
69	0.000000	0.000636	0.000304	0.000094	0.000057	0.000024	0.000024	0.000023	0.000000	0.000126	0.000000
70	0.000000	0.000709	0.000352	0.000116	0.000072	0.000029	0.000031	0.000023	0.000001	0.000140	0.000000
71	0.000000	0.000806	0.000387	0.000124	0.000077	0.000030	0.000035	0.000028	0.000001	0.000164	0.000000
72	0.000000	0.000906	0.000446	0.000144	0.000087	0.000033	0.000038	0.000033	0.000001	0.000173	0.000000
73	0.000000	0.001044	0.000500	0.000161	0.000094	0.000039	0.000038	0.000037	0.000000	0.000199	0.000000
74	0.000000	0.001184	0.000553	0.000188	0.000109	0.000044	0.000048	0.000038	0.000001	0.000230	0.000000
75	0.000000	0.001330	0.000653	0.000211	0.000119	0.000047	0.000054	0.000046	0.000001	0.000258	0.000000
76	0.000000	0.001515	0.000716	0.000239	0.000140	0.000058	0.000059	0.000051	0.000001	0.000299	0.000000
77	0.000000	0.001681	0.000801	0.000263	0.000164	0.000066	0.000066	0.000058	0.000001	0.000342	0.000000
78	0.000000	0.001889	0.000899	0.000313	0.000182	0.000068	0.000080	0.000065	0.000001	0.000382	0.000000
79	0.000000	0.002123	0.001043	0.000342	0.000208	0.000079	0.000083	0.000074	0.000001	0.000428	0.000000
80	0.000000	0.002394	0.001179	0.000376	0.000233	0.000092	0.000093	0.000082	0.000001	0.000492	0.000000
81	0.000000	0.002720	0.001323	0.000439	0.000254	0.000105	0.000111	0.000090	0.000001	0.000543	0.000000
82	0.000000	0.003042	0.001480	0.000491	0.000287	0.000117	0.000132	0.000106	0.000002	0.000619	0.000000
83	0.000000	0.003431	0.001679	0.000545	0.000336	0.000132	0.000138	0.000124	0.000003	0.000685	0.000000
84	0.000000	0.003848	0.001886	0.000619	0.000372	0.000149	0.000164	0.000134	0.000002	0.000798	0.000000
85	0.000000	0.004356	0.002146	0.000698	0.000431	0.000174	0.000171	0.000158	0.000003	0.000866	0.000000
86	0.000001	0.004848	0.002378	0.000796	0.000480	0.000188	0.000197	0.000163	0.000003	0.000992	0.000000
87	0.000087	0.005438	0.002696	0.000913	0.000529	0.000220	0.000227	0.000110	0.000004	0.001152	0.000087
88	0.000163	0.006078	0.003025	0.001009	0.000602	0.000240	0.000255	0.000048	0.000004	0.001287	0.000163
89	0.000196	0.006725	0.003406	0.001141	0.000679	0.000279	0.000277	0.000055	0.000005	0.001429	0.000196
90	0.000206	0.007470	0.003788	0.001260	0.000778	0.000303	0.000323	0.000062	0.000005	0.001614	0.000205
91	0.000243	0.008305	0.004257	0.001430	0.000851	0.000334	0.000367	0.000070	0.000006	0.001813	0.000243
92	0.000281	0.009207	0.004779	0.001613	0.000956	0.000386	0.000407	0.000074	0.000005	0.002042	0.000281
93	0.000319	0.010194	0.005279	0.001800	0.001061	0.000443	0.000444	0.000077	0.000006	0.002283	0.000319
94	0.000344	0.011177	0.005933	0.002031	0.001208	0.000481	0.000517	0.000082	0.000006	0.002558	0.000343
95	0.000417	0.012325	0.006622	0.002258	0.001339	0.000535	0.000561	0.000079	0.000008	0.002852	0.000417
96	0.000455	0.013577	0.007257	0.002529	0.001499	0.000610	0.000629	0.000086	0.000006	0.003208	0.000455
97	0.000528	0.014820	0.008091	0.002801	0.001672	0.000681	0.000718	0.000086	0.000006	0.003568	0.000527
98	0.000613	0.016161	0.008902	0.003130	0.001870	0.000761	0.000788	0.000083	0.000007	0.003954	0.000613
99	0.000683	0.017596	0.009865	0.003456	0.002069	0.000820	0.000878	0.000086	0.000007	0.004402	0.000683
100	0.000761	0.019074	0.010843	0.003843	0.002295	0.000916	0.000977	0.000086	0.000006	0.004917	0.000761
101	0.000854	0.020572	0.011875	0.004233	0.002514	0.001018	0.001086	0.000086	0.000006	0.005465	0.000854
102	0.000970	0.022024	0.013018	0.004659	0.002829	0.001144	0.001199	0.000095	0.000005	0.006028	0.000969
103	0.001067	0.023628	0.014125	0.005176	0.003089	0.001246	0.001312	0.000091	0.000007	0.006653	0.001067
104	0.001178	0.025098	0.015426	0.005617	0.003357	0.001379	0.001459	0.000091	0.000007	0.007348	0.001177
105	0.001318	0.026546	0.016694	0.006209	0.003711	0.001508	0.001602	0.000095	0.000008	0.008100	0.001318
106	0.001474	0.027859	0.018069	0.006710	0.004046	0.001648	0.001760	0.000092	0.000007	0.008895	0.001473
107	0.001610	0.029182	0.019361	0.007316	0.004421	0.001792	0.001906	0.000094	0.000007	0.009701	0.001609
108	0.001762	0.030453	0.020815	0.007978	0.004779	0.001959	0.002084	0.000088	0.000006	0.010630	0.001761
109	0.001936	0.031407	0.022208	0.008591	0.005166	0.002101	0.002262	0.000091	0.000007	0.011549	0.001935
110	0.002119	0.032304	0.023508	0.009278	0.005529	0.002291	0.002444	0.000083	0.000007	0.012497	0.002118
111	0.002303	0.033060	0.024852	0.009889	0.005930	0.002446	0.002655	0.000081	0.000007	0.013600	0.002302
112	0.002505	0.033429	0.026133	0.010599	0.006373	0.002595	0.002815	0.000082	0.000007	0.014591	0.002504
113	0.002654	0.033679	0.027356	0.011258	0.006753	0.002781	0.003000	0.000081	0.000005	0.015782	0.002653
114	0.002869	0.033641	0.028457	0.011917	0.007158	0.002980	0.003270	0.000086	0.000007	0.016769	0.002868
115	0.003095	0.033319	0.029445	0.012540	0.007575	0.003120	0.003430	0.000086	0.000006	0.017929	0.003093
116	0.003279	0.032835	0.030230	0.013231	0.007940	0.003296	0.003616	0.000089	0.000006	0.018993	0.003278
117	0.003453	0.032026	0.030957	0.013737	0.008258	0.003405	0.003810	0.000085	0.000005	0.020131	0.003453
118	0.003663	0.031066	0.031331	0.014268	0.008522	0.003566	0.003966	0.000082	0.000006	0.021164	0.003662
119	0.003806	0.029873	0.031812	0.014643	0.008868	0.003712	0.004144	0.000089	0.000005	0.022141	0.003804
120	0.003978	0.028568	0.031862	0.015170	0.009054	0.003822	0.004288	0.000085	0.000007	0.022999	0.003976
121	0.004130	0.027154	0.031849	0.015355	0.009209	0.003919	0.004397	0.000090	0.000007	0.023872	0.004128
122	0.004265	0.025544	0.031535	0.015576	0.009320	0.003958	0.004568	0.000087	0.000006	0.024513	0.004263
123	0.004411	0.023966	0.031101	0.015712	0.009466	0.004028	0.004609	0.000089	0.000007	0.025131	0.004408
124	0.004466	0.022300	0.030479	0.015756	0.009447	0.004072	0.004678	0.000088	0.000006	0.025554	0.004463
125	0.004530	0.020592	0.029514	0.015709	0.009366	0.004046	0.004779	0.000090	0.000004	0.025929	0.004528
126	0.004619	0.019003	0.028535	0.015603	0.009270	0.004005	0.004706	0.000083	0.000008	0.026149	0.004616
127	0.004633	0.017428	0.027471	0.015222	0.009171	0.003995	0.004721	0.000088	0.000007	0.026152	0.004630
128	0.004589	0.015925	0.026234	0.014945	0.008959	0.003886	0.004691	0.000086	0.000006	0.025957	0.004585
129	0.004577	0.014488	0.024917	0.014476	0.008685	0.003833	0.004660	0.000089	0.000004	0.025755	0.004573
130	0.004559	0.013071	0.023464	0.014018	0.008427	0.003710	0.004579	0.000085	0.000006	0.025305	0.004555
131	0.004481	0.011767	0.022093	0.013453	0.008058	0.003570	0.004447	0.000085	0.000004	0.024679	0.004478
132	0.004353	0.010745	0.020582	0.012780	0.007692	0.003439	0.004293	0.000087	0.000007	0.024081	0.004349
133	0.004204	0.009667	0.019109	0.012170	0.007283	0.003303	0.004213	0.000089	0.000006	0.023223	0.004201
134	0.004115	0.008717	0.017758	0.011488	0.006882	0.003136	0.004053	0.000085	0.000006	0.022386	0.004111
135	0.004011	0.007868	0.016341	0.010824	0.006532	0.002952	0.003923	0.000085	0.000008	0.021405	0.004007
136	0.003817	0.007066	0.014949	0.010075	0.006034	0.002765	0.003766	0.000092	0.000006	0.020338	0.003813
137	0.003711	0.006350	0.013764	0.009373	0.005628	0.002595	0.003571	0.000090	0.000008	0.019218	0.003708
138	0.003502	0.005728	0.012516	0.008633	0.005241	0.002405	0.003354	0.000085	0.000008	0.018139	0.003499
139	0.003281	0.005187	0.011259	0.008017	0.004763	0.002228	0.003183	0.000092	0.000007	0.016956	0.003277
140	0.003143	0.004640	0.010277	0.007335	0.004398	0.002068	0.002988	0.000083	0.000007	0.015767	0.003139
141	0.002929	0.004205	0.009323	0.006720	0.004064	0.001900	0.002792	0.000086	0.000009	0.014689	0.002926
142	0.002733	0.003768	0.008339	0.006117	0.003663	0.001700	0.002640	0.000090	0.000008	0.013621	0.002729
143	0.002586	0.003404	0.007604	0.005581	0.003335	0.001564	0.002398	0.000088	0.000007	0.012550	0.002584
144	0.002343	0.003045	0.006822	0.005050	0.003045	0.001457	0.002232	0.000085	0.000008	0.011536	0.002339
145	0.002181	0.002713	0.006166	0.004587	0.002746	0.001300	0.002060	0.000091	0.000006	0.010509	0.002176
146	0.002016	0.002456	0.005584	0.004142	0.002518	0.001206	0.001897	0.000084	0.000008	0.009611	0.002012
147	0.001828	0.002227	0.005017	0.003749	0.002248	0.001091	0.001770	0.000093	0.000007	0.008731	0.001823
148	0.001710	0.001977	0.004500	0.003388	0.002006	0.000989	0.001626	0.000088	0.000007	0.007993	0.001706
149	0.001576	0.001782	0.004042	0.003046	0.001842	0.000883	0.001482	0.000087	0.000008	0.007244	0.001572
150	0.001413	0.001590	0.003637	0.002726	0.001650	0.000790	0.001356	0.000090	0.000007	0.006538	0.001411
151	0.001292	0.001444	0.003299	0.002449	0.001471	0.000735	0.001247	0.000086	0.000008	0.005934	0.001288
152	0.001194	0.001307	0.002947	0.002247	0.001339	0.000658	0.001127	0.000091	0.000006	0.005354	0.001191
153	0.001074	0.001155	0.002674	0.001987	0.001189	0.000577	0.001038	0.000083	0.000008	0.004866	0.001071
154	0.000967	0.001044	0.002384	0.001808	0.001089	0.000523	0.000932	0.000083	0.000008	0.004364	0.000965
155	0.000881	0.000932	0.002130	0.001627	0.000973	0.000480	0.000870	0.000086	0.000008	0.003957	0.000879
156	0.000793	0.000831	0.001923	0.001467	0.000873	0.000419	0.000764	0.000087	0.000009	0.003544	0.000789
157	0.000710	0.000752	0.001740	0.001326	0.000785	0.000383	0.000686	0.000089	0.000008	0.003214	0.000707
158	0.000622	0.000650	0.001556	0.001164	0.000700	0.000337	0.000630	0.000088	0.000008	0.002920	0.000619
159	0.000550	0.000598	0.001404	0.001089	0.000635	0.000303	0.000578	0.000091	0.000010	0.002594	0.000548
160	0.000504	0.000532	0.001245	0.000958	0.000569	0.000287	0.000517	0.000090	0.000007	0.002374	0.000501
161	0.000459	0.000493	0.001116	0.000846	0.000502	0.000244	0.000466	0.000081	0.000009	0.002138	0.000456
162	0.000391	0.000443	0.001010	0.000763	0.000458	0.000233	0.000409	0.000088	0.000007	0.001912	0.000388
163	0.000353	0.000380	0.000906	0.000692	0.000411	0.000200	0.000379	0.000081	0.000009	0.001742	0.000351
164	0.000302	0.000349	0.000803	0.000612	0.000366	0.000182	0.000348	0.000091	0.000009	0.001550	0.000300
165	0.000272	0.000312	0.000725	0.000547	0.000331	0.000164	0.000308	0.000089	0.000012	0.001417	0.000270
166	0.000228	0.000281	0.000656	0.000512	0.000304	0.000150	0.000283	0.000092	0.000010	0.001269	0.000226
167	0.000214	0.000253	0.000579	0.000458	0.000271	0.000131	0.000249	0.000085	0.000010	0.001140	0.000211
168	0.000179	0.000233	0.000516	0.000407	0.000244	0.000121	0.000226	0.000087	0.000010	0.001049	0.000177
169	0.000149	0.000201	0.000467	0.000359	0.000216	0.000106	0.000210	0.000086	0.000011	0.000943	0.000146
170	0.000134	0.000186	0.000412	0.000318	0.000192	0.000093	0.000179	0.000087	0.000012	0.000862	0.000133
171	0.000107	0.000162	0.000379	0.000282	0.000171	0.000084	0.000163	0.000090	0.000012	0.000769	0.000105
172	0.000085	0.000139	0.000342	0.000253	0.000154	0.000076	0.000147	0.000086	0.000012	0.000694	0.000083
173	0.000072	0.000133	0.000310	0.000229	0.000144	0.000068	0.000126	0.000084	0.000013	0.000630	0.000070
174	0.000052	0.000123	0.000277	0.000212	0.000123	0.000060	0.000120	0.000087	0.000014	0.000571	0.000049
175	0.000046	0.000110	0.000245	0.000189	0.000114	0.000056	0.000107	0.000087	0.000013	0.000515	0.000043
176	0.000033	0.000099	0.000217	0.000164	0.000100	0.000052	0.000102	0.000087	0.000013	0.000479	0.000030
177	0.000023	0.000091	0.000191	0.000150	0.000089	0.000045	0.000087	0.000089	0.000013	0.000439	0.000021
178	0.000009	0.000089	0.000184	0.000136	0.000079	0.000040	0.000079	0.000085	0.000012	0.000395	0.000007
179	0.000010	0.000078	0.000160	0.000128	0.000075	0.000035	0.000071	0.000083	0.000013	0.000358	0.000008
180	0.000009	0.000070	0.000144	0.000108	0.000064	0.000031	0.000061	0.000071	0.000013	0.000341	0.000008
181	0.000009	0.000061	0.000133	0.000097	0.000060	0.000028	0.000059	0.000062	0.000012	0.000304	0.000007
182	0.000010	0.000055	0.000117	0.000089	0.000054	0.000028	0.000048	0.000059	0.000013	0.000287	0.000008
183	0.000010	0.000048	0.000107	0.000078	0.000051	0.000023	0.000048	0.000051	0.000013	0.000262	0.000008
184	0.000017	0.000043	0.000095	0.000074	0.000043	0.000022	0.000039	0.000047	0.000009	0.000245	0.000015
185	0.000012	0.000039	0.000088	0.000064	0.000039	0.000022	0.000039	0.000041	0.000011	0.000227	0.000010
186	0.000012	0.000042	0.000079	0.000059	0.000033	0.000015	0.000034	0.000040	0.000010	0.000218	0.000011
187	0.000012	0.000037	0.000072	0.000054	0.000030	0.000013	0.000030	0.000034	0.000011	0.000197	0.000010
188	0.000013	0.000033	0.000066	0.000049	0.000032	0.000015	0.000025	0.000032	0.000011	0.000188	0.000012
189	0.000011	0.000028	0.000059	0.000041	0.000026	0.000012	0.000025	0.000024	0.000011	0.000166	0.000009
190	0.000013	0.000028	0.000057	0.000040	0.000026	0.000009	0.000023	0.000025	0.000012	0.000148	0.000010
191	0.000012	0.000026	0.000050	0.000039	0.000021	0.000012	0.000019	0.000023	0.000010	0.000144	0.000010
192	0.000012	0.000023	0.000043	0.000036	0.000018	0.000009	0.000019	0.000020	0.000011	0.000135	0.000009
193	0.000012	0.000022	0.000038	0.000028	0.000018	0.000007	0.000017	0.000019	0.000010	0.000126	0.000010
194	0.000013	0.000023	0.000035	0.000027	0.000015	0.000007	0.000014	0.000017	0.000011	0.000116	0.000011
195	0.000010	0.000018	0.000037	0.000024	0.000016	0.000008	0.000014	0.000015	0.000011	0.000108	0.000009
196	0.000010	0.000016	0.000030	0.000022	0.000014	0.000007	0.000010	0.000014	0.000009	0.000102	0.000008
197	0.000014	0.000015	0.000031	0.000020	0.000015	0.000007	0.000012	0.000012	0.000008	0.000095	0.000011
198	0.000011	0.000012	0.000028	0.000018	0.000012	0.000004	0.000008	0.000010	0.000009	0.000086	0.000009
199	0.000014	0.000013	0.000028	0.000018	0.000010	0.000005	0.000008	0.000009	0.000008	0.000082	0.000012
200	0.000012	0.000011	0.000021	0.000017	0.000009	0.000005	0.000008	0.000009	0.000007	0.000073	0.000010
201	0.000012	0.000012	0.000020	0.000012	0.000009	0.000004	0.000007	0.000007	0.000006	0.000063	0.000010
202	0.000010	0.000010	0.000021	0.000013	0.000007	0.000003	0.000007	0.000007	0.000004	0.000060	0.000009
203	0.000013	0.000009	0.000018	0.000013	0.000007	0.000003	0.000008	0.000007	0.000004	0.000052	0.000011
204	0.000011	0.000008	0.000018	0.000010	0.000007	0.000004	0.000007	0.000007	0.000004	0.000048	0.000009
205	0.000012	0.000008	0.000015	0.000011	0.000007	0.000002	0.000007	0.000007	0.000004	0.000045	0.000010
206	0.000010	0.000006	0.000013	0.000010	0.000005	0.000003	0.000005	0.000007	0.000003	0.000039	0.000008
207	0.000012	0.000005	0.000012	0.000009	0.000004	0.000002	0.000004	0.000004	0.000004	0.000038	0.000009
208	0.000010	0.000005	0.000009	0.000008	0.000005	0.000002	0.000003	0.000005	0.000003	0.000034	0.000009
209	0.000010	0.000006	0.000010	0.000006	0.000004	0.000002	0.000004	0.000003	0.000003	0.000030	0.000008
210	0.000010	0.000004	0.000009	0.000007	0.000005	0.000003	0.000003	0.000005	0.000002	0.000028	0.000008
211	0.000011	0.000003	0.000007	0.000006	0.000004	0.000002	0.000003	0.000003	0.000002	0.000024	0.000008
212	0.000009	0.000004	0.000008	0.000006	0.000002	0.000001	0.000002	0.000003	0.000002	0.000022	0.000007
213	0.000009	0.000004	0.000007	0.000005	0.000003	0.000002	0.000002	0.000002	0.000002	0.000020	0.000007
214	0.000007	0.000004	0.000006	0.000003	0.000002	0.000001	0.000003	0.000002	0.000002	0.000020	0.000005
215	0.000008	0.000003	0.000006	0.000004	0.000002	0.000001	0.000003	0.000002	0.000003	0.000018	0.000007
216	0.000009	0.000003	0.000006	0.000004	0.000002	0.000001	0.000002	0.000003	0.000002	0.000016	0.000007
217	0.000008	0.000002	0.000005	0.000004	0.000002	0.000001	0.000002	0.000003	0.000002	0.000016	0.000005
218	0.000007	0.000002	0.000005	0.000002	0.000002	0.000001	0.000001	0.000002	0.000001	0.000016	0.000006
219	0.000009	0.000002	0.000005	0.000002	0.000001	0.000001	0.000002	0.000001	0.000001	0.000013	0.000006
220	0.000007	0.000002	0.000004	0.000003	0.000002	0.000001	0.000002	0.000002	0.000001	0.000011	0.000005
221	0.000006	0.000003	0.000004	0.000002	0.000002	0.000001	0.000001	0.000001	0.000000	0.000011	0.000004
222	0.000006	0.000002	0.000003	0.000003	0.000002	0.000001	0.000001	0.000001	0.000001	0.000009	0.000004
223	0.000008	0.000001	0.000003	0.000002	0.000002	0.000001	0.000001	0.000001	0.000000	0.000008	0.000004
224	0.000005	0.000002	0.000003	0.000002	0.000001	0.000001	0.000001	0.000001	0.000000	0.000008	0.000004
225	0.000003	0.000001	0.000002	0.000002	0.000001	0.000001	0.000001	0.000001	0.000001	0.000009	0.000002
226	0.000005	0.000001	0.000002	0.000002	0.000001	0.000000	0.000000	0.000001	0.000001	0.000007	0.000004
227	0.000006	0.000001	0.000002	0.000001	0.000001	0.000000	0.000001	0.000000	0.000000	0.000006	0.000004
228	0.000005	0.000001	0.000002	0.000001	0.000000	0.000000	0.000001	0.000000	0.000001	0.000005	0.000003
229	0.000005	0.000001	0.000002	0.000001	0.000001	0.000000	0.000000	0.000001	0.000000	0.000006	0.000003
230	0.000004	0.000001	0.000002	0.000002	0.000000	0.000000	0.000000	0.000000	0.000001	0.000005	0.000001
231	0.000005	0.000000	0.000001	0.000001	0.000001	0.000000	0.000001	0.000000	0.000000	0.000005	0.000002
232	0.000004	0.000001	0.000001	0.000001	0.000000	0.000000	0.000001	0.000000	0.000000	0.000005	0.000002
233	0.000003	0.000000	0.000001	0.000001	0.000001	0.000000	0.000000	0.000000	0.000000	0.000004	0.000001
234	0.000004	0.000001	0.000001	0.000000	0.000000	0.000000	0.000000	0.000001	0.000000	0.000003	0.000001
235	0.000003	0.000001	0.000001	0.000001	0.000000	0.000000	0.000000	0.000000	0.000000	0.000002	0.000001
236	0.000004	0.000000	0.000001	0.000000	0.000000	0.000000	0.000000	0.000000	0.000000	0.000004	0.000001
237	0.000003	0.000001	0.000000	0.000001	0.000000	0.000000	0.000000	0.000000	0.000000	0.000002	0.000001
238	0.000003	0.000000	0.000001	0.000000	0.000000	0.000000	0.000000	0.000000	0.000000	0.000002	0.000001
239	0.000003	0.000000	0.000001	0.000001	0.000000	0.000000	0.000000	0.000000	0.000000	0.000002	0.000001
240	0.000002	0.000001	0.000000	0.000000	0.000000	0.000000	0.000000	0.000000	0.000000	0.000002	0.000001
241	0.000003	0.000000	0.000001	0.000000	0.000000	0.000000	0.000000	0.000000	0.000000	0.000002	0.000001
242	0.000002	0.000000	0.000000	0.000001	0.000000	0.000000	0.000000	0.000000	0.000000	0.000002	0.000000
243	0.000002	0.000000	0.000001	0.000000	0.000000	0.000000	0.000000	0.000000	0.000000	0.000002	0.000000
244	0.000003	0.000000	0.000000	0.000000	0.000000	0.000000	0.000000	0.000000	0.000000	0.000001	0.000001
245	0.000003	0.000001	0.000000	0.000000	0.000000	0.000000	0.000000	0.000000	0.000000	0.000002	0.000000
246	0.000002	0.000000	0.000000	0.000000	0.000000	0.000000	0.000000	0.000000	0.000000	0.000001	0.000001
247	0.000002	0.000000	0.000000	0.000000	0.000000	0.000000	0.000000	0.000000	0.000000	0.000001	0.000000
248	0.000002	0.000000	0.000000	0.000000	0.000000	0.000000	0.000000	0.000000	0.000000	0.000001	0.000000
249	0.000002	0.000000	0.000000	0.000000	0.000000	0.000000	0.000000	0.000000	0.000000	0.000001	0.000000
250	0.000002	0.000000	0.000000	0.000000	0.000000	0.000000	0.000000	0.000000	0.000000	0.000001	0.000001
251	0.000002	0.000000	0.000000	0.000000	0.000000	0.000000	0.000000	0.000000	0.000000	0.000000	0.000000
252	0.000002	0.000000	0.000000	0.000000	0.000000	0.000000	0.000000	0.000000	0.000000	0.000000	0.000000
253	0.000002	0.000000	0.000000	0.000000	0.000000	0.000000	0.000000	0.000000	0.000000	0.000001	0.000000
254	0.000002	0.000000	0.000001	0.000000	0.000000	0.000000	0.000000	0.000000	0.000000	0.000000	0.000000
255	0.000002	0.000000	0.000000	0.000000	0.000000	0.000000	0.000000	0.000000	0.000000	0.000000	0.000000
256	0.000003	0.000000	0.000000	0.000000	0.000000	0.000000	0.000000	0.000000	0.000000	0.000001	0.000000
257	0.000003	0.000000	0.000000	0.000000	0.000000	0.000000	0.000000	0.000000	0.000000	0.000001	0.000000
258	0.000002	0.000000	0.000000	0.000000	0.000000	0.000000	0.000000	0.000000	0.000000	0.000000	0.000000
259	0.000002	0.000000	0.000000	0.000000	0.000000	0.000000	0.000000	0.000000	0.000000	0.000000	0.000000
260	0.000002	0.000000	0.000000	0.000000	0.000000	0.000000	0.000000	0.000000	0.000000	0.000000	0.000000
261	0.000001	0.000000	0.000000	0.000000	0.000000	0.000000	0.000000	0.000000	0.000000	0.000000	0.000000
262	0.000001	0.000000	0.000000	0.000000	0.000000	0.000000	0.000000	0.000000	0.000000	0.000000	0.000000
263	0.000002	0.000000	0.000000	0.000000	0.000000	0.000000	0.000000	0.000000	0.000000	0.000000	0.000000
264	0.000002	0.000000	0.000000	0.000000	0.000000	0.000000	0.000000	0.000000	0.000000	0.000000	0.000000
265	0.000002	0.000000	0.000000	0.000000	0.000000	0.000000	0.000000	0.000000	0.000000	0.000000	0.000000
266	0.000002	0.000000	0.000000	0.000000	0.000000	0.000000	0.000000	0.000000	0.000000	0.000000	0.000000
267	0.000002	0.000000	0.000000	0.000000	0.000000	0.000000	0.000000	0.000000	0.000000	0.000000	0.000000
268	0.000002	0.000000	0.000000	0.000000	0.000000	0.000000	0.000000	0.000000	0.000000	0.000000	0.000000
269	0.000002	0.000000	0.000000	0.000000	0.000000	0.000000	0.000000	0.000000	0.000000	0.000000	0.000000
270	0.000002	0.000000	0.000000	0.000000	0.000000	0.000000	0.000000	0.000000	0.000000	0.000000	0.000000
271	0.000001	0.000000	0.000000	0.000000	0.000000	0.000000	0.000000	0.000000	0.000000	0.000000	0.000000
272	0.000002	0.000000	0.000000	0.000000	0.000000	0.000000	0.000000	0.000000	0.000000	0.000000	0.000000
273	0.000001	0.000000	0.000000	0.000000	0.000000	0.000000	0.000000	0.000000	0.000000	0.000000	0.000000
274	0.000002	0.000000	0.000000	0.000000	0.000000	0.000000	0.000000	0.000000	0.000000	0.000000	0.000000
275	0.000001	0.000000	0.000000	0.000000	0.000000	0.000000	0.000000	0.000000	0.000000	0.000000	0.000000
276	0.000002	0.000000	0.000000	0.000000	0.000000	0.000000	0.000000	0.000000	0.000000	0.000000	0.000000
277	0.000001	0.000000	0.000000	0.000000	0.000000	0.000000	0.000000	0.000000	0.000000	0.000000	0.000000
278	0.000002	0.000000	0.000000	0.000000	0.000000	0.000000	0.000000	0.000000	0.000000	0.000000	0.000000
279	0.000002	0.000000	0.000000	0.000000	0.000000	0.000000	0.000000	0.000000	0.000000	0.000000	0.000000
280	0.000003	0.000000	0.000000	0.000000	0.000000	0.000000	0.000000	0.000000	0.000000	0.000000	0.000000
281	0.000002	0.000000	0.000000	0.000000	0.000000	0.000000	0.000000	0.000000	0.000000	0.000000	0.000000
282	0.000002	0.000000	0.000000	0.000000	0.000000	0.000000	0.000000	0.000000	0.000000	0.000000	0.000000
283	0.000002	0.000000	0.000000	0.000000	0.000000	0.000000	0.000000	0.000000	0.000000	0.000000	0.000000
284	0.000001	0.000000	0.000000	0.000000	0.000000	0.000000	0.000000	0.000000	0.000000	0.000000	0.000000
285	0.000003	0.000000	0.000000	0.000000	0.000000	0.000000	0.000000	0.000000	0.000000	0.000000	0.000000
286	0.000003	0.000000	0.000000	0.000000	0.000000	0.000000	0.000000	0.000000	0.000000	0.000000	0.000000
287	0.000002	0.000000	0.000000	0.000000	0.000000	0.000000	0.000000	0.000000	0.000000	0.000000	0.000000
288	0.000002	0.000000	0.000000	0.000000	0.000000	0.000000	0.000000	0.000000	0.000000	0.000000	0.000000
289	0.000001	0.000000	0.000000	0.000000	0.000000	0.000000	0.000000	0.000000	0.000000	0.000000	0.000000
290	0.000002	0.000000	0.000000	0.000000	0.000000	0.000000	0.000000	0.000000	0.000000	0.000000	0.000000
291	0.000002	0.000000	0.000000	0.000000	0.000000	0.000000	0.000000	0.000000	0.000000	0.000000	0.000000
292	0.000002	0.000000	0.000000	0.000000	0.000000	0.000000	0.000000	0.000000	0.000000	0.000000	0.000000
293	0.000002	0.000000	0.000000	0.000000	0.000000	0.000000	0.000000	0.000000	0.000000	0.000000	0.000000
294	0.000002	0.000000	0.000000	0.000000	0.000000	0.000000	0.000000	0.000000	0.000000	0.000000	0.000000
295	0.000001	0.000000	0.000000	0.000000	0.000000	0.000000	0.000000	0.000000	0.000000	0.000000	0.000000
296	0.000003	0.000000	0.000000	0.000000	0.000000	0.000000	0.000000	0.000000	0.000000	0.000000	0.000000
297	0.000002	0.000000	0.000000	0.000000	0.000000	0.000000	0.000000	0.000000	0.000000	0.000000	0.000000
298	0.000002	0.000000	0.000000	0.000000	0.000000	0.000000	0.000000	0.000000	0.000000	0.000000	0.000000
299	0.000002	0.000000	0.000000	0.000000	0.000000	0.000000	0.000000	0.000000	0.000000	0.000000	0.000000
300	0.000002	0.000000	0.000000	0.000000	0.000000	0.000000	0.000000	0.000000	0.000000	0.000000	0.000000
301	0.000001	0.000000	0.000000	0.000000	0.000000	0.000000	0.000000	0.000000	0.000000	0.000000	0.000000
302	0.000002	0.000000	0.000000	0.000000	0.000000	0.000000	0.000000	0.000000	0.000000	0.000000	0.000000
303	0.000002	0.000000	0.000000	0.000000	0.000000	0.000000	0.000000	0.000000	0.000000	0.000000	0.000000
304	0.000002	0.000000	0.000000	0.000000	0.000000	0.000000	0.000000	0.000000	0.000000	0.000000	0.000000
305	0.000003	0.000000	0.000000	0.000000	0.000000	0.000000	0.000000	0.000000	0.000000	0.000000	0.000000
306	0.000002	0.000000	0.000000	0.000000	0.000000	0.000000	0.000000	0.000000	0.000000	0.000000	0.000000
307	0.000002	0.000000	0.000000	0.000000	0.000000	0.000000	0.000000	0.000000	0.000000	0.000000	0.000000
308	0.000001	0.000000	0.000000	0.000000	0.000000	0.000000	0.000000	0.000000	0.000000	0.000000	0.000000
309	0.000002	0.000000	0.000000	0.000000	0.000000	0.000000	0.000000	0.000000	0.000000	0.000000	0.000000
310	0.000001	0.000000	0.000000	0.000000	0.000000	0.000000	0.000000	0.000000	0.000000	0.000000	0.000000
311	0.000002	0.000000	0.000000	0.000000	0.000000	0.000000	0.000000	0.000000	0.000000	0.000000	0.000000
312	0.000002	0.000000	0.000000	0.000000	0.000000	0.000000	0.000000	0.000000	0.000000	0.000000	0.000000
313	0.000001	0.000000	0.000000	0.000000	0.000000	0.000000	0.000000	0.000000	0.000000	0.000000	0.000000
314	0.000002	0.000000	0.000000	0.000000	0.000000	0.000000	0.000000	0.000000	0.000000	0.000000	0.000000
315	0.000002	0.000000	0.000000	0.000000	0.000000	0.000000	0.000000	0.000000	0.000000	0.000000	0.000000
316	0.000002	0.000000	0.000000	0.000000	0.000000	0.000000	0.000000	0.000000	0.000000	0.000000	0.000000
317	0.000002	0.000000	0.000000	0.000000	0.000000	0.000000	0.000000	0.000000	0.000000	0.000000	0.000000
318	0.000002	0.000000	0.000000	0.000000	0.000000	0.000000	0.000000	0.000000	0.000000	0.000000	0.000000
319	0.000002	0.000000	0.000000	0.000000	0.000000	0.000000	0.000000	0.000000	0.000000	0.000000	0.000000
320	0.000002	0.000000	0.000000	0.000000	0.000000	0.000000	0.000000	0.000000	0.000000	0.000000	0.000000
321	0.000001	0.000000	0.000000	0.000000	0.000000	0.000000	0.000000	0.000000	0.000000	0.000000	0.000000
322	0.000002	0.000000	0.000000	0.000000	0.000000	0.000000	0.000000	0.000000	0.000000	0.000000	0.000000
323	0.000002	0.000000	0.000000	0.000000	0.000000	0.000000	0.000000	0.000000	0.000000	0.000000	0.000000
324	0.000002	0.000000	0.000000	0.000000	0.000000	0.000000	0.000000	0.000000	0.000000	0.000000	0.000000
325	0.000001	0.000000	0.000000	0.000000	0.000000	0.000000	0.000000	0.000000	0.000000	0.000000	0.000000
326	0.000002	0.000000	0.000000	0.000000	0.000000	0.000000	0.000000	0.000000	0.000000	0.000000	0.000000
327	0.000002	0.000000	0.000000	0.000000	0.000000	0.000000	0.000000	0.000000	0.000000	0.000000	0.000000
328	0.000002	0.000000	0.000000	0.000000	0.000000	0.000000	0.000000	0.000000	0.000000	0.000000	0.000000
329	0.000002	0.000000	0.000000	0.000000	0.000000	0.000000	0.000000	0.000000	0.000000	0.000000	0.000000
330	0.000002	0.000000	0.000000	0.000000	0.000000	0.000000	0.000000	0.000000	0.000000	0.000000	0.000000
331	0.000002	0.000000	0.000000	0.000000	0.000000	0.000000	0.000000	0.000000	0.000000	0.000000	0.000000
332	0.000003	0.000000	0.000000	0.000000	0.000000	0.000000	0.000000	0.000000	0.000000	0.000000	0.000000
333	0.000002	0.000000	0.000000	0.000000	0.000000	0.000000	0.000000	0.000000	0.000000	0.000000	0.000000
334	0.000001	0.000000	0.000000	0.000000	0.000000	0.000000	0.000000	0.000000	0.000000	0.000000	0.000000
335	0.000001	0.000000	0.000000	0.000000	0.000000	0.000000	0.000000	0.000000	0.000000	0.000000	0.000000
336	0.000002	0.000000	0.000000	0.000000	0.000000	0.000000	0.000000	0.000000	0.000000	0.000000	0.000000
337	0.000002	0.000000	0.000000	0.000000	0.000000	0.000000	0.000000	0.000000	0.000000	0.000000	0.000000
338	0.000001	0.000000	0.000000	0.000000	0.000000	0.000000	0.000000	0.000000	0.000000	0.000000	0.000000
339	0.000002	0.000000	0.000000	0.000000	0.000000	0.000000	0.000000	0.000000	0.000000	0.000000	0.000000
340	0.000002	0.000000	0.000000	0.000000	0.000000	0.000000	0.000000	0.000000	0.000000	0.000000	0.000000
341	0.000002	0.000000	0.000000	0.000000	0.000000	0.000000	0.000000	0.000000	0.000000	0.000000	0.000000
342	0.000001	0.000000	0.000000	0.000000	0.000000	0.000000	0.000000	0.000000	0.000000	0.000000	0.000000
343	0.000002	0.000000	0.000000	0.000000	0.000000	0.000000	0.000000	0.000000	0.000000	0.000000	0.000000
344	0.000001	0.000000	0.000000	0.000000	0.000000	0.000000	0.000000	0.000000	0.000000	0.000000	0.000000
345	0.000002	0.000000	0.000000	0.000000	0.000000	0.000000	0.000000	0.000000	0.000000	0.000000	0.000000
346	0.000002	0.000000	0.000000	0.000000	0.000000	0.000000	0.000000	0.000000	0.000000	0.000000	0.000000
347	0.000002	0.000000	0.000000	0.000000	0.000000	0.000000	0.000000	0.000000	0.000000	0.000000	0.000000
348	0.000002	0.000000	0.000000	0.000000	0.000000	0.000000	0.000000	0.000000	0.000000	0.000000	0.000000
349	0.000003	0.000000	0.000000	0.000000	0.000000	0.000000	0.000000	0.000000	0.000000	0.000000	0.000000
350	0.000002	0.000000	0.000000	0.000000	0.000000	0.000000	0.000000	0.000000	0.000000	0.000000	0.000000
351	0.000001	0.000000	0.000000	0.000000	0.000000	0.000000	0.000000	0.000000	0.000000	0.000000	0.000000
352	0.000001	0.000000	0.000000	0.000000	0.000000	0.000000	0.000000	0.000000	0.000000	0.000000	0.000000
353	0.000002	0.000000	0.000000	0.000000	0.000000	0.000000	0.000000	0.000000	0.000000	0.000000	0.000000
354	0.000001	0.000000	0.000000	0.000000	0.000000	0.000000	0.000000	0.000000	0.000000	0.000000	0.000000
355	0.000002	0.000000	0.000000	0.000000	0.000000	0.000000	0.000000	0.000000	0.000000	0.000000	0.000000
356	0.000002	0.000000	0.000000	0.000000	0.000000	0.000000	0.000000	0.000000	0.000000	0.000000	0.000000
357	0.000002	0.000000	0.000000	0.000000	0.000000	0.000000	0.000000	0.000000	0.000000	0.000000	0.000000
358	0.000002	0.000000	0.000000	0.000000	0.000000	0.000000	0.000000	0.000000	0.000000	0.000000	0.000000
359	0.000002	0.000000	0.000000	0.000000	0.000000	0.000000	0.000000	0.000000	0.000000	0.000000	0.000000
360	0.000002	0.000000	0.000000	0.000000	0.000000	0.000000	0.000000	0.000000	0.000000	0.000000	0.000000
361	0.000002	0.000000	0.000000	0.000000	0.000000	0.000000	0.000000	0.000000	0.000000	0.000000	0.000000
362	0.000002	0.000000	0.000000	0.000000	0.000000	0.000000	0.000000	0.000000	0.000000	0.000000	0.000000
363	0.000002	0.000000	0.000000	0.000000	0.000000	0.000000	0.000000	0.000000	0.000000	0.000000	0.000000
364	0.000002	0.000000	0.000000	0.000000	0.000000	0.000000	0.000000	0.000000	0.000000	0.000000	0.000000
365	0.000002	0.000000	0.000000	0.000000	0.000000	0.000000	0.000000	0.000000	0.000000	0.000000	0.000000
366	0.000004	0.000000	0.000000	0.000000	0.000000	0.000000	0.000000	0.000000	0.000000	0.000000	0.000000
367	0.000002	0.000000	0.000000	0.000000	0.000000	0.000000	0.000000	0.000000	0.000000	0.000000	0.000000
368	0.000003	0.000000	0.000000	0.000000	0.000000	0.000000	0.000000	0.000000	0.000000	0.000000	0.000000
369	0.000002	0.000000	0.000000	0.000000	0.000000	0.000000	0.000000	0.000000	0.000000	0.000000	0.000000
370	0.000002	0.000000	0.000000	0.000000	0.000000	0.000000	0.000000	0.000000	0.000000	0.000000	0.000000
371	0.000002	0.000000	0.000000	0.000000	0.000000	0.000000	0.000000	0.000000	0.000000	0.000000	0.000000
372	0.000002	0.000000	0.000000	0.000000	0.000000	0.000000	0.000000	0.000000	0.000000	0.000000	0.000000
373	0.000002	0.000000	0.000000	0.000000	0.000000	0.000000	0.000000	0.000000	0.000000	0.000000	0.000000
374	0.000002	0.000000	0.000000	0.000000	0.000000	0.000000	0.000000	0.000000	0.000000	0.000000	0.000000
375	0.000002	0.000000	0.000000	0.000000	0.000000	0.000000	0.000000	0.000000	0.000000	0.000000	0.000000
376	0.000002	0.000000	0.000000	0.000000	0.000000	0.000000	0.000000	0.000000	0.000000	0.000000	0.000000
377	0.000001	0.000000	0.000000	0.000000	0.000000	0.000000	0.000000	0.000000	0.000000	0.000000	0.000000
378	0.000002	0.000000	0.000000	0.000000	0.000000	0.000000	0.000000	0.000000	0.000000	0.000000	0.000000
379	0.000003	0.000000	0.000000	0.000000	0.000000	0.000000	0.000000	0.000000	0.000000	0.000000	0.000000
380	0.000002	0.000000	0.000000	0.000000	0.000000	0.000000	0.000000	0.000000	0.000000	0.000000	0.000000
381	0.000003	0.000000	0.000000	0.000000	0.000000	0.000000	0.000000	0.000000	0.000000	0.000000	0.000000
382	0.000003	0.000000	0.000000	0.000000	0.000000	0.000000	0.000000	0.000000	0.000000	0.000000	0.000000
383	0.000002	0.000000	0.000000	0.000000	0.000000	0.000000	0.000000	0.000000	0.000000	0.000000	0.000000
384	0.000002	0.000000	0.000000	0.000000	0.000000	0.000000	0.000000	0.000000	0.000000	0.000000	0.000000
385	0.000002	0.000000	0.000000	0.000000	0.000000	0.000000	0.000000	0.000000	0.000000	0.000000	0.000000
386	0.000002	0.000000	0.000000	0.000000	0.000000	0.000000	0.000000	0.000000	0.000000	0.000000	0.000000
387	0.000003	0.000000	0.000000	0.000000	0.000000	0.000000	0.000000	0.000000	0.000000	0.000000	0.000000
388	0.000001	0.000000	0.000000	0.000000	0.000000	0.000000	0.000000	0.000000	0.000000	0.000000	0.000000
389	0.000002	0.000000	0.000000	0.000000	0.000000	0.000000	0.000000	0.000000	0.000000	0.000000	0.000000
390	0.000002	0.000000	0.000000	0.000000	0.000000	0.000000	0.000000	0.000000	0.000000	0.000000	0.000000
391	0.000002	0.000000	0.000000	0.000000	0.000000	0.000000	0.000000	0.000000	0.000000	0.000000	0.000000
392	0.000002	0.000000	0.000000	0.000000	0.000000	0.000000	0.000000	0.000000	0.000000	0.000000	0.000000
393	0.000003	0.000000	0.000000	0.000000	0.000000	0.000000	0.000000	0.000000	0.000000	0.000000	0.000000
394	0.000002	0.000000	0.000000	0.000000	0.000000	0.000000	0.000000	0.000000	0.000000	0.000000	0.000000
395	0.000002	0.000000	0.000000	0.000000	0.000000	0.000000	0.000000	0.000000	0.000000	0.000000	0.000000
396	0.000003	0.000000	0.000000	0.000000	0.000000	0.000000	0.000000	0.000000	0.000000	0.000000	0.000000
397	0.000002	0.000000	0.000000	0.000000	0.000000	0.000000	0.000000	0.000000	0.000000	0.000000	0.000000
398	0.000002	0.000000	0.000000	0.000000	0.000000	0.000000	0.000000	0.000000	0.000000	0.000000	0.000000
399	0.000002	0.000000	0.000000	0.000000	0.000000	0.000000	0.000000	0.000000	0.000000	0.000000	0.000000
400	0.000002	0.000000	0.000000	0.000000	0.000000	0.000000	0.000000	0.000000	0.000000	0.000000	0.000000
