0	0.954942	0.019740	0.002801	0.000576	0.000516	0.000558	0.000176	0.000001	0.000000	0.020690	0.000154
1	0.999999	0.000000	0.000000	0.000000	0.000000	0.000000	0.000000	0.000000	0.000000	0.000000	0.000000
2	0.999999	0.000000	0.000000	0.000000	0.000000	0.000000	0.000000	0.000000	0.000000	0.000000	0.000000
3	0.999999	0.000001	0.000000	0.000000	0.000000	0.000000	0.000000	0.000000	0.000000	0.000000	0.000000
4	0.999998	0.000001	0.000000	0.000000	0.000000	0.000000	0.000000	0.000000	0.000000	0.000000	0.000000
5	0.999998	0.000001	0.000000	0.000000	0.000000	0.000000	0.000000	0.000000	0.000000	0.000000	0.000000
6	0.999998	0.000001	0.000000	0.000000	0.000000	0.000000	0.000000	0.000000	0.000000	0.000000	0.000000
7	0.999998	0.000001	0.000000	0.000000	0.000000	0.000000	0.000000	0.000000	0.000000	0.000000	0.000000
8	0.999998	0.000001	0.000000	0.000000	0.000000	0.000000	0.000000	0.000000	0.000000	0.000000	0.000000
9	0.999998	0.000001	0.000000	0.000000	0.000000	0.000000	0.000000	0.000000	0.000000	0.000000	0.000000
10	0.999998	0.000002	0.000000	0.000000	0.000000	0.000000	0.000000	0.000000	0.000000	0.000000	0.000000
11	0.999997	0.000002	0.000001	0.000000	0.000000	0.000000	0.000000	0.000000	0.000000	0.000000	0.000000
12	0.999997	0.000002	0.000001	0.000000	0.000000	0.000000	0.000000	0.000000	0.000000	0.000000	0.000000
13	0.999997	0.000002	0.000000	0.000000	0.000000	0.000000	0.000000	0.000000	0.000000	0.000001	0.000000
14	0.999997	0.000002	0.000000	0.000000	0.000000	0.000000	0.000000	0.000000	0.000000	0.000001	0.000000
15	0.999997	0.000002	0.000000	0.000000	0.000000	0.000000	0.000000	0.000000	0.000000	0.000001	0.000000
16	0.999997	0.000002	0.000000	0.000000	0.000000	0.000000	0.000000	0.000000	0.000000	0.000001	0.000000
17	0.999996	0.000002	0.000000	0.000000	0.000000	0.000000	0.000000	0.000000	0.000000	0.000001	0.000000
18	0.999996	0.000002	0.000000	0.000000	0.000000	0.000000	0.000000	0.000000	0.000000	0.000001	0.000000
19	0.999996	0.000002	0.000000	0.000000	0.000000	0.000000	0.000000	0.000000	0.000000	0.000001	0.000000
20	0.999996	0.000002	0.000000	0.000000	0.000000	0.000000	0.000000	0.000000	0.000000	0.000001	0.000000
21	0.999996	0.000002	0.000000	0.000000	0.000000	0.000000	0.000000	0.000000	0.000000	0.000001	0.000000
22	0.999996	0.000002	0.000000	0.000000	0.000000	0.000000	0.000000	0.000000	0.000000	0.000001	0.000000
23	0.999995	0.000003	0.000000	0.000000	0.000000	0.000000	0.000000	0.000000	0.000000	0.000002	0.000000
24	0.999995	0.000002	0.000000	0.000000	0.000000	0.000000	0.000000	0.000000	0.000000	0.000002	0.000000
25	0.999995	0.000003	0.000000	0.000000	0.000000	0.000000	0.000000	0.000000	0.000000	0.000002	0.000000
26	0.999995	0.000003	0.000001	0.000000	0.000000	0.000000	0.000000	0.000000	0.000000	0.000002	0.000000
27	0.999994	0.000003	0.000001	0.000000	0.000000	0.000000	0.000000	0.000000	0.000000	0.000002	0.000000
28	0.999994	0.000003	0.000000	0.000000	0.000000	0.000000	0.000000	0.000000	0.000000	0.000002	0.000000
29	0.999993	0.000003	0.000000	0.000000	0.000000	0.000000	0.000000	0.000000	0.000000	0.000003	0.000000
30	0.999993	0.000003	0.000000	0.000000	0.000000	0.000000	0.000000	0.000000	0.000000	0.000003	0.000000
31	0.999993	0.000003	0.000000	0.000000	0.000000	0.000000	0.000000	0.000000	0.000000	0.000003	0.000000
32	0.999993	0.000003	0.000000	0.000000	0.000000	0.000000	0.000000	0.000000	0.000000	0.000003	0.000000
33	0.999992	0.000003	0.000000	0.000000	0.000000	0.000000	0.000000	0.000000	0.000000	0.000004	0.000000
34	0.999992	0.000003	0.000000	0.000000	0.000000	0.000000	0.000000	0.000000	0.000000	0.000004	0.000000
35	0.999992	0.000004	0.000000	0.000000	0.000000	0.000000	0.000000	0.000000	0.000000	0.000004	0.000000
36	0.999991	0.000004	0.000000	0.000000	0.000000	0.000000	0.000000	0.000000	0.000000	0.000004	0.000000
37	0.999991	0.000004	0.000000	0.000000	0.000000	0.000000	0.000000	0.000000	0.000000	0.000005	0.000000
38	0.999990	0.000004	0.000001	0.000000	0.000000	0.000000	0.000000	0.000000	0.000000	0.000005	0.000000
39	0.999989	0.000004	0.000001	0.000000	0.000000	0.000000	0.000000	0.000000	0.000000	0.000005	0.000000
40	0.999989	0.000005	0.000001	0.000000	0.000000	0.000000	0.000000	0.000000	0.000000	0.000005	0.000000
41	0.999988	0.000005	0.000001	0.000000	0.000000	0.000000	0.000000	0.000000	0.000000	0.000005	0.000000
42	0.999987	0.000005	0.000001	0.000000	0.000000	0.000000	0.000000	0.000000	0.000000	0.000006	0.000000
43	0.999986	0.000006	0.000001	0.000000	0.000000	0.000000	0.000000	0.000000	0.000000	0.000006	0.000000
44	0.999986	0.000006	0.000001	0.000000	0.000000	0.000000	0.000000	0.000000	0.000000	0.000006	0.000000
45	0.999985	0.000007	0.000001	0.000000	0.000000	0.000000	0.000000	0.000000	0.000000	0.000006	0.000000
46	0.999984	0.000008	0.000001	0.000000	0.000000	0.000000	0.000000	0.000001	0.000000	0.000007	0.000000
47	0.999982	0.000009	0.000001	0.000000	0.000000	0.000000	0.000000	0.000001	0.000000	0.000007	0.000000
48	0.999981	0.000010	0.000001	0.000000	0.000000	0.000000	0.000000	0.000001	0.000000	0.000007	0.000000
49	0.999980	0.000010	0.000001	0.000000	0.000000	0.000000	0.000000	0.000001	0.000000	0.000008	0.000000
50	0.999979	0.000011	0.000001	0.000000	0.000000	0.000000	0.000000	0.000001	0.000000	0.000008	0.000000
51	0.999978	0.000011	0.000001	0.000000	0.000000	0.000000	0.000000	0.000001	0.000000	0.000008	0.000000
52	0.999977	0.000012	0.000001	0.000000	0.000000	0.000000	0.000000	0.000001	0.000000	0.000008	0.000000
53	0.999976	0.000012	0.000002	0.000000	0.000000	0.000000	0.000000	0.000001	0.000000	0.000009	0.000000
54	0.999975	0.000013	0.000002	0.000001	0.000000	0.000000	0.000000	0.000001	0.000000	0.000009	0.000000
55	0.999973	0.000013	0.000002	0.000001	0.000000	0.000000	0.000000	0.000001	0.000000	0.000010	0.000000
56	0.999971	0.000014	0.000002	0.000000	0.000000	0.000000	0.000000	0.000001	0.000000	0.000011	0.000000
57	0.999970	0.000016	0.000001	0.000000	0.000000	0.000000	0.000000	0.000001	0.000000	0.000011	0.000000
58	0.999968	0.000016	0.000002	0.000000	0.000000	0.000000	0.000000	0.000001	0.000000	0.000012	0.000000
59	0.999966	0.000016	0.000002	0.000001	0.000000	0.000001	0.000000	0.000001	0.000000	0.000013	0.000000
60	0.999965	0.000017	0.000001	0.000001	0.000000	0.000000	0.000000	0.000001	0.000000	0.000014	0.000000
61	0.999963	0.000018	0.000001	0.000000	0.000000	0.000000	0.000000	0.000001	0.000000	0.000015	0.000000
62	0.999961	0.000019	0.000001	0.000000	0.000000	0.000000	0.000000	0.000001	0.000000	0.000015	0.000000
63	0.999960	0.000020	0.000002	0.000000	0.000000	0.000000	0.000000	0.000001	0.000000	0.000016	0.000000
64	0.999959	0.000020	0.000002	0.000000	0.000001	0.000001	0.000000	0.000001	0.000000	0.000017	0.000000
65	0.999958	0.000020	0.000002	0.000001	0.000000	0.000000	0.000000	0.000001	0.000000	0.000018	0.000000
66	0.999956	0.000021	0.000002	0.000000	0.000000	0.000000	0.000000	0.000001	0.000000	0.000019	0.000000
67	0.999953	0.000022	0.000003	0.000000	0.000000	0.000000	0.000000	0.000001	0.000000	0.000020	0.000000
68	0.999951	0.000023	0.000003	0.000001	0.000000	0.000000	0.000000	0.000001	0.000000	0.000020	0.000000
69	0.999948	0.000024	0.000004	0.000000	0.000001	0.000001	0.000000	0.000001	0.000000	0.000021	0.000000
70	0.999946	0.000025	0.000003	0.000001	0.000001	0.000001	0.000000	0.000001	0.000000	0.000022	0.000000
71	0.999942	0.000027	0.000004	0.000001	0.000001	0.000000	0.000000	0.000001	0.000000	0.000024	0.000000
72	0.999939	0.000028	0.000004	0.000001	0.000001	0.000000	0.000000	0.000001	0.000000	0.000025	0.000000
73	0.999936	0.000029	0.000004	0.000001	0.000001	0.000001	0.000000	0.000001	0.000000	0.000026	0.000000
74	0.999932	0.000031	0.000005	0.000001	0.000001	0.000001	0.000000	0.000001	0.000000	0.000028	0.000000
75	0.999928	0.000033	0.000006	0.000001	0.000001	0.000001	0.000000	0.000001	0.000000	0.000029	0.000000
76	0.999923	0.000035	0.000007	0.000001	0.000001	0.000001	0.000001	0.000001	0.000000	0.000031	0.000000
77	0.999918	0.000038	0.000006	0.000001	0.000001	0.000001	0.000000	0.000001	0.000000	0.000033	0.000001
78	0.999914	0.000041	0.000007	0.000001	0.000000	0.000001	0.000000	0.000001	0.000000	0.000034	0.000000
79	0.999908	0.000044	0.000007	0.000002	0.000001	0.000001	0.000000	0.000001	0.000000	0.000036	0.000000
80	0.999903	0.000046	0.000008	0.000001	0.000001	0.000001	0.000000	0.000001	0.000000	0.000039	0.000000
81	0.999897	0.000049	0.000008	0.000001	0.000001	0.000001	0.000000	0.000001	0.000000	0.000041	0.000000
82	0.999892	0.000053	0.000007	0.000002	0.000001	0.000001	0.000000	0.000001	0.000000	0.000043	0.000000
83	0.999886	0.000056	0.000008	0.000002	0.000001	0.000001	0.000000	0.000001	0.000000	0.000045	0.000000
84	0.999880	0.000059	0.000008	0.000002	0.000001	0.000001	0.000000	0.000001	0.000000	0.000048	0.000000
85	0.999875	0.000061	0.000008	0.000001	0.000002	0.000001	0.000000	0.000001	0.000000	0.000050	0.000000
86	0.999868	0.000065	0.000008	0.000002	0.000002	0.000001	0.000001	0.000001	0.000000	0.000052	0.000000
87	0.999862	0.000067	0.000010	0.000002	0.000002	0.000001	0.000000	0.000001	0.000000	0.000054	0.000001
88	0.999856	0.000068	0.000011	0.000003	0.000002	0.000001	0.000000	0.000001	0.000000	0.000058	0.000000
89	0.999849	0.000071	0.000011	0.000003	0.000002	0.000002	0.000001	0.000001	0.000000	0.000061	0.000000
90	0.999840	0.000074	0.000013	0.000003	0.000002	0.000002	0.000000	0.000001	0.000000	0.000065	0.000000
91	0.999832	0.000079	0.000012	0.000003	0.000002	0.000002	0.000001	0.000001	0.000000	0.000069	0.000000
92	0.999822	0.000085	0.000012	0.000002	0.000002	0.000002	0.000000	0.000001	0.000000	0.000072	0.000001
93	0.999812	0.000089	0.000014	0.000002	0.000002	0.000002	0.000001	0.000001	0.000000	0.000077	0.000000
94	0.999804	0.000093	0.000013	0.000002	0.000003	0.000002	0.000001	0.000001	0.000000	0.000080	0.000001
95	0.999796	0.000096	0.000014	0.000002	0.000003	0.000002	0.000001	0.000001	0.000000	0.000085	0.000001
96	0.999786	0.000100	0.000015	0.000003	0.000003	0.000003	0.000001	0.000001	0.000000	0.000088	0.000001
97	0.999775	0.000105	0.000015	0.000004	0.000003	0.000003	0.000001	0.000001	0.000000	0.000093	0.000001
98	0.999762	0.000112	0.000015	0.000004	0.000003	0.000003	0.000001	0.000001	0.000000	0.000099	0.000001
99	0.999749	0.000118	0.000017	0.000003	0.000003	0.000003	0.000000	0.000001	0.000000	0.000105	0.000000
100	0.999737	0.000122	0.000018	0.000004	0.000003	0.000003	0.000001	0.000001	0.000000	0.000110	0.000000
101	0.999724	0.000131	0.000016	0.000004	0.000004	0.000004	0.000000	0.000001	0.000000	0.000116	0.000001
102	0.999710	0.000138	0.000016	0.000004	0.000004	0.000004	0.000001	0.000001	0.000000	0.000123	0.000000
103	0.999697	0.000144	0.000018	0.000003	0.000003	0.000004	0.000001	0.000001	0.000000	0.000129	0.000001
104	0.999682	0.000148	0.000022	0.000005	0.000003	0.000004	0.000001	0.000001	0.000000	0.000134	0.000001
105	0.999666	0.000155	0.000021	0.000006	0.000004	0.000004	0.000001	0.000001	0.000000	0.000141	0.000001
106	0.999647	0.000164	0.000023	0.000005	0.000004	0.000005	0.000002	0.000001	0.000000	0.000150	0.000001
107	0.999629	0.000173	0.000024	0.000005	0.000004	0.000005	0.000001	0.000001	0.000000	0.000158	0.000002
108	0.999612	0.000180	0.000025	0.000004	0.000004	0.000006	0.000002	0.000001	0.000000	0.000166	0.000001
109	0.999591	0.000192	0.000027	0.000004	0.000004	0.000006	0.000002	0.000001	0.000000	0.000173	0.000002
110	0.999571	0.000200	0.000029	0.000006	0.000004	0.000006	0.000002	0.000001	0.000000	0.000180	0.000002
111	0.999552	0.000208	0.000030	0.000006	0.000005	0.000006	0.000001	0.000001	0.000000	0.000189	0.000002
112	0.999528	0.000221	0.000030	0.000007	0.000006	0.000007	0.000001	0.000001	0.000000	0.000199	0.000001
113	0.999506	0.000232	0.000030	0.000008	0.000005	0.000008	0.000002	0.000001	0.000000	0.000209	0.000001
114	0.999483	0.000243	0.000031	0.000006	0.000006	0.000007	0.000002	0.000001	0.000000	0.000221	0.000002
115	0.999461	0.000253	0.000032	0.000007	0.000006	0.000007	0.000002	0.000001	0.000000	0.000231	0.000001
116	0.999439	0.000262	0.000035	0.000006	0.000006	0.000007	0.000002	0.000001	0.000000	0.000242	0.000002
117	0.999414	0.000272	0.000037	0.000008	0.000007	0.000007	0.000002	0.000001	0.000000	0.000252	0.000002
118	0.999386	0.000285	0.000037	0.000008	0.000009	0.000008	0.000002	0.000001	0.000000	0.000264	0.000002
119	0.999354	0.000299	0.000040	0.000008	0.000008	0.000009	0.000002	0.000001	0.000000	0.000278	0.000002
120	0.999321	0.000315	0.000041	0.000009	0.000008	0.000010	0.000003	0.000001	0.000000	0.000292	0.000002
121	0.999288	0.000332	0.000043	0.000009	0.000009	0.000008	0.000003	0.000001	0.000000	0.000306	0.000003
122	0.999256	0.000343	0.000048	0.000008	0.000010	0.000010	0.000003	0.000001	0.000000	0.000321	0.000003
123	0.999220	0.000359	0.000049	0.000011	0.000011	0.000010	0.000003	0.000001	0.000000	0.000335	0.000003
124	0.999181	0.000376	0.000053	0.000011	0.000011	0.000011	0.000003	0.000001	0.000000	0.000353	0.000003
125	0.999142	0.000392	0.000054	0.000012	0.000011	0.000013	0.000004	0.000001	0.000000	0.000371	0.000003
126	0.999103	0.000408	0.000056	0.000012	0.000012	0.000013	0.000004	0.000001	0.000000	0.000390	0.000004
127	0.999061	0.000427	0.000058	0.000012	0.000013	0.000013	0.000004	0.000001	0.000000	0.000411	0.000004
128	0.999017	0.000446	0.000064	0.000012	0.000011	0.000013	0.000003	0.000001	0.000000	0.000432	0.000004
129	0.998968	0.000469	0.000067	0.000014	0.000013	0.000013	0.000004	0.000001	0.000000	0.000451	0.000003
130	0.998915	0.000496	0.000072	0.000014	0.000011	0.000013	0.000005	0.000001	0.000000	0.000474	0.000004
131	0.998864	0.000518	0.000077	0.000014	0.000012	0.000014	0.000005	0.000001	0.000000	0.000494	0.000005
132	0.998805	0.000550	0.000076	0.000018	0.000015	0.000013	0.000005	0.000001	0.000000	0.000515	0.000005
133	0.998745	0.000581	0.000083	0.000015	0.000012	0.000014	0.000006	0.000001	0.000000	0.000544	0.000005
134	0.998689	0.000604	0.000087	0.000017	0.000015	0.000015	0.000005	0.000001	0.000000	0.000566	0.000005
135	0.998625	0.000635	0.000091	0.000018	0.000016	0.000016	0.000004	0.000001	0.000000	0.000593	0.000005
136	0.998556	0.000668	0.000095	0.000019	0.000017	0.000016	0.000006	0.000001	0.000000	0.000622	0.000004
137	0.998487	0.000702	0.000098	0.000019	0.000020	0.000017	0.000005	0.000001	0.000000	0.000651	0.000006
138	0.998416	0.000734	0.000102	0.000019	0.000020	0.000019	0.000005	0.000001	0.000000	0.000683	0.000005
139	0.998342	0.000767	0.000108	0.000022	0.000020	0.000020	0.000005	0.000001	0.000000	0.000715	0.000005
140	0.998263	0.000802	0.000112	0.000023	0.000021	0.000021	0.000008	0.000001	0.000000	0.000749	0.000005
141	0.998184	0.000835	0.000117	0.000025	0.000022	0.000022	0.000007	0.000001	0.000000	0.000786	0.000007
142	0.998098	0.000871	0.000125	0.000025	0.000022	0.000024	0.000007	0.000001	0.000000	0.000827	0.000007
143	0.998008	0.000911	0.000128	0.000030	0.000022	0.000027	0.000008	0.000001	0.000000	0.000864	0.000007
144	0.997912	0.000959	0.000128	0.000027	0.000028	0.000028	0.000008	0.000001	0.000000	0.000908	0.000008
145	0.997811	0.001002	0.000142	0.000027	0.000026	0.000029	0.000009	0.000001	0.000000	0.000953	0.000008
146	0.997712	0.001046	0.000143	0.000031	0.000030	0.000032	0.000007	0.000001	0.000000	0.000999	0.000008
147	0.997601	0.001096	0.000148	0.000033	0.000027	0.000035	0.000010	0.000001	0.000000	0.001048	0.000007
148	0.997494	0.001142	0.000158	0.000033	0.000028	0.000036	0.000010	0.000001	0.000000	0.001098	0.000009
149	0.997376	0.001192	0.000170	0.000034	0.000032	0.000035	0.000009	0.000001	0.000000	0.001150	0.000010
150	0.997247	0.001258	0.000170	0.000040	0.000032	0.000035	0.000010	0.000001	0.000000	0.001205	0.000009
151	0.997122	0.001308	0.000187	0.000037	0.000032	0.000037	0.000010	0.000001	0.000000	0.001266	0.000010
152	0.996988	0.001362	0.000197	0.000042	0.000034	0.000040	0.000012	0.000001	0.000000	0.001323	0.000010
153	0.996845	0.001432	0.000198	0.000043	0.000039	0.000039	0.000013	0.000001	0.000000	0.001389	0.000012
154	0.996699	0.001503	0.000207	0.000040	0.000039	0.000041	0.000012	0.000001	0.000000	0.001457	0.000013
155	0.996551	0.001564	0.000218	0.000047	0.000043	0.000043	0.000012	0.000001	0.000000	0.001521	0.000012
156	0.996389	0.001639	0.000222	0.000050	0.000045	0.000046	0.000014	0.000001	0.000000	0.001594	0.000012
157	0.996235	0.001702	0.000237	0.000049	0.000046	0.000047	0.000014	0.000001	0.000000	0.001670	0.000014
158	0.996066	0.001769	0.000255	0.000049	0.000049	0.000048	0.000016	0.000001	0.000000	0.001747	0.000014
159	0.995885	0.001849	0.000263	0.000056	0.000054	0.000052	0.000015	0.000001	0.000000	0.001826	0.000016
160	0.995689	0.001939	0.000274	0.000059	0.000054	0.000055	0.000016	0.000001	0.000000	0.001915	0.000015
161	0.995489	0.002027	0.000286	0.000057	0.000057	0.000058	0.000017	0.000001	0.000000	0.002008	0.000015
162	0.995269	0.002131	0.000302	0.000064	0.000054	0.000061	0.000017	0.000001	0.000000	0.002102	0.000017
163	0.995047	0.002224	0.000321	0.000069	0.000055	0.000064	0.000018	0.000001	0.000000	0.002201	0.000017
164	0.994816	0.002330	0.000328	0.000069	0.000061	0.000067	0.000021	0.000001	0.000000	0.002306	0.000017
165	0.994578	0.002437	0.000340	0.000072	0.000063	0.000070	0.000021	0.000001	0.000000	0.002417	0.000021
166	0.994330	0.002549	0.000354	0.000075	0.000067	0.000071	0.000021	0.000001	0.000000	0.002532	0.000021
167	0.994070	0.002664	0.000371	0.000078	0.000068	0.000075	0.000022	0.000001	0.000000	0.002651	0.000021
168	0.993803	0.002782	0.000386	0.000081	0.000075	0.000078	0.000021	0.000001	0.000000	0.002772	0.000022
169	0.993518	0.002910	0.000405	0.000079	0.000078	0.000083	0.000024	0.000001	0.000000	0.002902	0.000021
170	0.993219	0.003046	0.000420	0.000086	0.000080	0.000089	0.000029	0.000001	0.000000	0.003030	0.000024
171	0.992920	0.003164	0.000456	0.000090	0.000085	0.000091	0.000027	0.000001	0.000000	0.003166	0.000028
172	0.992593	0.003314	0.000472	0.000097	0.000091	0.000098	0.000027	0.000001	0.000000	0.003308	0.000026
173	0.992247	0.003477	0.000489	0.000098	0.000095	0.000101	0.000030	0.000001	0.000000	0.003461	0.000027
174	0.991890	0.003634	0.000515	0.000107	0.000098	0.000105	0.000031	0.000001	0.000000	0.003620	0.000030
175	0.991513	0.003805	0.000530	0.000118	0.000102	0.000108	0.000032	0.000001	0.000000	0.003790	0.000031
176	0.991123	0.003979	0.000560	0.000112	0.000104	0.000113	0.000032	0.000001	0.000000	0.003977	0.000032
177	0.990723	0.004149	0.000588	0.000122	0.000109	0.000121	0.000033	0.000001	0.000000	0.004155	0.000031
178	0.990297	0.004340	0.000605	0.000134	0.000115	0.000126	0.000036	0.000001	0.000000	0.004347	0.000033
179	0.989871	0.004522	0.000631	0.000133	0.000117	0.000130	0.000040	0.000001	0.000000	0.004555	0.000035
180	0.989413	0.004726	0.000664	0.000137	0.000118	0.000135	0.000042	0.000001	0.000000	0.004765	0.000040
181	0.988935	0.004932	0.000693	0.000146	0.000130	0.000142	0.000042	0.000001	0.000000	0.004979	0.000042
182	0.988433	0.005142	0.000731	0.000151	0.000137	0.000146	0.000046	0.000001	0.000000	0.005212	0.000042
183	0.987891	0.005399	0.000758	0.000160	0.000140	0.000152	0.000046	0.000001	0.000000	0.005454	0.000046
184	0.987343	0.005646	0.000791	0.000161	0.000144	0.000161	0.000048	0.000001	0.000000	0.005704	0.000045
185	0.986764	0.005911	0.000834	0.000165	0.000146	0.000163	0.000054	0.000001	0.000000	0.005963	0.000047
186	0.986170	0.006175	0.000877	0.000170	0.000159	0.000174	0.000049	0.000001	0.000000	0.006226	0.000053
187	0.985537	0.006447	0.000925	0.000187	0.000165	0.000180	0.000052	0.000001	0.000000	0.006507	0.000049
188	0.984862	0.006746	0.000964	0.000199	0.000177	0.000184	0.000058	0.000001	0.000000	0.006808	0.000051
189	0.984166	0.007066	0.000993	0.000213	0.000179	0.000193	0.000064	0.000001	0.000000	0.007125	0.000058
190	0.983456	0.007392	0.001033	0.000218	0.000183	0.000197	0.000062	0.000001	0.000000	0.007458	0.000063
191	0.982716	0.007713	0.001090	0.000222	0.000193	0.000212	0.000063	0.000001	0.000000	0.007790	0.000061
192	0.981943	0.008042	0.001141	0.000241	0.000211	0.000221	0.000064	0.000001	0.000000	0.008135	0.000063
193	0.981125	0.008402	0.001178	0.000255	0.000221	0.000233	0.000070	0.000001	0.000000	0.008515	0.000064
194	0.980281	0.008782	0.001211	0.000255	0.000234	0.000245	0.000076	0.000001	0.000000	0.008914	0.000069
195	0.979388	0.009170	0.001290	0.000262	0.000241	0.000254	0.000077	0.000001	0.000000	0.009318	0.000076
196	0.978468	0.009579	0.001329	0.000281	0.000257	0.000266	0.000082	0.000001	0.000000	0.009737	0.000077
197	0.977504	0.009999	0.001398	0.000293	0.000256	0.000276	0.000085	0.000001	0.000000	0.010187	0.000081
198	0.976480	0.010454	0.001463	0.000311	0.000271	0.000288	0.000085	0.000001	0.000000	0.010647	0.000084
199	0.975422	0.010930	0.001504	0.000327	0.000288	0.000298	0.000095	0.000001	0.000000	0.011133	0.000084
200	0.974326	0.011407	0.001584	0.000332	0.000296	0.000315	0.000093	0.000001	0.000000	0.011647	0.000094
0	0.871145	0.056955	0.008061	0.001725	0.001490	0.001646	0.000493	0.001144	0.000081	0.057259	0.000372
1	0.999999	0.000000	0.000000	0.000000	0.000000	0.000000	0.000000	0.000000	0.000000	0.000000	0.000000
2	0.999999	0.000000	0.000000	0.000000	0.000000	0.000000	0.000000	0.000000	0.000000	0.000000	0.000000
3	0.999999	0.000001	0.000000	0.000000	0.000000	0.000000	0.000000	0.000000	0.000000	0.000000	0.000000
4	0.999998	0.000001	0.000000	0.000000	0.000000	0.000000	0.000000	0.000000	0.000000	0.000000	0.000000
5	0.999998	0.000001	0.000000	0.000000	0.000000	0.000000	0.000000	0.000000	0.000000	0.000000	0.000000
6	0.999998	0.000001	0.000000	0.000000	0.000000	0.000000	0.000000	0.000000	0.000000	0.000000	0.000000
7	0.999998	0.000001	0.000000	0.000000	0.000000	0.000000	0.000000	0.000000	0.000000	0.000000	0.000000
8	0.999998	0.000001	0.000000	0.000000	0.000000	0.000000	0.000000	0.000000	0.000000	0.000000	0.000000
9	0.999998	0.000001	0.000000	0.000000	0.000000	0.000000	0.000000	0.000000	0.000000	0.000000	0.000000
10	0.999998	0.000002	0.000000	0.000000	0.000000	0.000000	0.000000	0.000000	0.000000	0.000000	0.000000
11	0.999997	0.000002	0.000001	0.000000	0.000000	0.000000	0.000000	0.000000	0.000000	0.000000	0.000000
12	0.999997	0.000002	0.000001	0.000000	0.000000	0.000000	0.000000	0.000000	0.000000	0.000000	0.000000
13	0.999997	0.000002	0.000000	0.000000	0.000000	0.000000	0.000000	0.000000	0.000000	0.000001	0.000000
14	0.999997	0.000002	0.000000	0.000000	0.000000	0.000000	0.000000	0.000000	0.000000	0.000001	0.000000
15	0.999997	0.000002	0.000000	0.000000	0.000000	0.000000	0.000000	0.000000	0.000000	0.000001	0.000000
16	0.999997	0.000002	0.000000	0.000000	0.000000	0.000000	0.000000	0.000000	0.000000	0.000001	0.000000
17	0.999996	0.000002	0.000000	0.000000	0.000000	0.000000	0.000000	0.000000	0.000000	0.000001	0.000000
18	0.999996	0.000002	0.000000	0.000000	0.000000	0.000000	0.000000	0.000000	0.000000	0.000001	0.000000
19	0.999996	0.000002	0.000000	0.000000	0.000000	0.000000	0.000000	0.000000	0.000000	0.000001	0.000000
20	0.999996	0.000002	0.000000	0.000000	0.000000	0.000000	0.000000	0.000000	0.000000	0.000001	0.000000
21	0.999996	0.000002	0.000000	0.000000	0.000000	0.000000	0.000000	0.000000	0.000000	0.000001	0.000000
22	0.999996	0.000002	0.000000	0.000000	0.000000	0.000000	0.000000	0.000000	0.000000	0.000001	0.000000
23	0.999995	0.000003	0.000000	0.000000	0.000000	0.000000	0.000000	0.000000	0.000000	0.000002	0.000000
24	0.999995	0.000002	0.000000	0.000000	0.000000	0.000000	0.000000	0.000000	0.000000	0.000002	0.000000
25	0.999995	0.000003	0.000000	0.000000	0.000000	0.000000	0.000000	0.000000	0.000000	0.000002	0.000000
26	0.999995	0.000003	0.000001	0.000000	0.000000	0.000000	0.000000	0.000000	0.000000	0.000002	0.000000
27	0.999994	0.000003	0.000001	0.000000	0.000000	0.000000	0.000000	0.000000	0.000000	0.000002	0.000000
28	0.999994	0.000003	0.000000	0.000000	0.000000	0.000000	0.000000	0.000000	0.000000	0.000002	0.000000
29	0.999993	0.000003	0.000000	0.000000	0.000000	0.000000	0.000000	0.000000	0.000000	0.000003	0.000000
30	0.999993	0.000003	0.000000	0.000000	0.000000	0.000000	0.000000	0.000000	0.000000	0.000003	0.000000
31	0.999993	0.000003	0.000000	0.000000	0.000000	0.000000	0.000000	0.000000	0.000000	0.000003	0.000000
32	0.999993	0.000003	0.000000	0.000000	0.000000	0.000000	0.000000	0.000000	0.000000	0.000003	0.000000
33	0.999992	0.000003	0.000000	0.000000	0.000000	0.000000	0.000000	0.000000	0.000000	0.000004	0.000000
34	0.999992	0.000003	0.000000	0.000000	0.000000	0.000000	0.000000	0.000000	0.000000	0.000004	0.000000
35	0.999992	0.000004	0.000000	0.000000	0.000000	0.000000	0.000000	0.000000	0.000000	0.000004	0.000000
36	0.999991	0.000004	0.000000	0.000000	0.000000	0.000000	0.000000	0.000000	0.000000	0.000004	0.000000
37	0.999991	0.000004	0.000000	0.000000	0.000000	0.000000	0.000000	0.000000	0.000000	0.000005	0.000000
38	0.999990	0.000004	0.000001	0.000000	0.000000	0.000000	0.000000	0.000000	0.000000	0.000005	0.000000
39	0.999989	0.000004	0.000001	0.000000	0.000000	0.000000	0.000000	0.000000	0.000000	0.000005	0.000000
40	0.999989	0.000005	0.000001	0.000000	0.000000	0.000000	0.000000	0.000000	0.000000	0.000005	0.000000
41	0.999988	0.000005	0.000001	0.000000	0.000000	0.000000	0.000000	0.000000	0.000000	0.000005	0.000000
42	0.999987	0.000005	0.000001	0.000000	0.000000	0.000000	0.000000	0.000000	0.000000	0.000006	0.000000
43	0.999986	0.000006	0.000001	0.000000	0.000000	0.000000	0.000000	0.000000	0.000000	0.000006	0.000000
44	0.999986	0.000006	0.000001	0.000000	0.000000	0.000000	0.000000	0.000000	0.000000	0.000006	0.000000
45	0.999985	0.000007	0.000001	0.000000	0.000000	0.000000	0.000000	0.000000	0.000000	0.000006	0.000000
46	0.999984	0.000008	0.000001	0.000000	0.000000	0.000000	0.000000	0.000001	0.000000	0.000007	0.000000
47	0.999982	0.000009	0.000001	0.000000	0.000000	0.000000	0.000000	0.000001	0.000000	0.000007	0.000000
48	0.999981	0.000010	0.000001	0.000000	0.000000	0.000000	0.000000	0.000001	0.000000	0.000007	0.000000
49	0.999980	0.000010	0.000001	0.000000	0.000000	0.000000	0.000000	0.000001	0.000000	0.000008	0.000000
50	0.999979	0.000011	0.000001	0.000000	0.000000	0.000000	0.000000	0.000001	0.000000	0.000008	0.000000
51	0.999978	0.000011	0.000001	0.000000	0.000000	0.000000	0.000000	0.000001	0.000000	0.000008	0.000000
52	0.999977	0.000012	0.000001	0.000000	0.000000	0.000000	0.000000	0.000001	0.000000	0.000008	0.000000
53	0.999976	0.000012	0.000002	0.000000	0.000000	0.000000	0.000000	0.000001	0.000000	0.000009	0.000000
54	0.999975	0.000013	0.000002	0.000001	0.000000	0.000000	0.000000	0.000001	0.000000	0.000009	0.000000
55	0.999973	0.000013	0.000002	0.000001	0.000000	0.000000	0.000000	0.000001	0.000000	0.000010	0.000000
56	0.999971	0.000014	0.000002	0.000000	0.000000	0.000000	0.000000	0.000001	0.000000	0.000011	0.000000
57	0.999970	0.000016	0.000001	0.000000	0.000000	0.000000	0.000000	0.000001	0.000000	0.000011	0.000000
58	0.999968	0.000016	0.000002	0.000000	0.000000	0.000000	0.000000	0.000001	0.000000	0.000012	0.000000
59	0.999966	0.000016	0.000002	0.000001	0.000000	0.000001	0.000000	0.000001	0.000000	0.000013	0.000000
60	0.999965	0.000017	0.000001	0.000001	0.000000	0.000000	0.000000	0.000001	0.000000	0.000014	0.000000
61	0.999963	0.000018	0.000001	0.000000	0.000000	0.000000	0.000000	0.000001	0.000000	0.000015	0.000000
62	0.999961	0.000020	0.000001	0.000000	0.000000	0.000000	0.000000	0.000002	0.000000	0.000015	0.000000
63	0.999959	0.000020	0.000002	0.000000	0.000000	0.000000	0.000000	0.000002	0.000000	0.000016	0.000000
64	0.999958	0.000020	0.000002	0.000000	0.000001	0.000001	0.000000	0.000002	0.000000	0.000017	0.000000
65	0.999956	0.000020	0.000002	0.000001	0.000000	0.000000	0.000000	0.000002	0.000000	0.000018	0.000000
66	0.999954	0.000022	0.000003	0.000000	0.000000	0.000000	0.000000	0.000002	0.000000	0.000019	0.000000
67	0.999951	0.000023	0.000003	0.000000	0.000000	0.000000	0.000000	0.000002	0.000000	0.000020	0.000000
68	0.999949	0.000024	0.000003	0.000001	0.000000	0.000000	0.000000	0.000002	0.000000	0.000021	0.000000
69	0.999946	0.000025	0.000004	0.000000	0.000001	0.000001	0.000000	0.000002	0.000000	0.000021	0.000000
70	0.999943	0.000026	0.000003	0.000001	0.000001	0.000001	0.000000	0.000002	0.000000	0.000022	0.000000
71	0.999939	0.000028	0.000004	0.000001	0.000000	0.000000	0.000000	0.000002	0.000000	0.000024	0.000000
72	0.999936	0.000030	0.000004	0.000001	0.000001	0.000000	0.000000	0.000002	0.000000	0.000025	0.000000
73	0.999932	0.000031	0.000005	0.000001	0.000001	0.000001	0.000000	0.000002	0.000000	0.000027	0.000000
74	0.999928	0.000034	0.000005	0.000001	0.000001	0.000001	0.000000	0.000002	0.000000	0.000029	0.000000
75	0.999923	0.000035	0.000007	0.000001	0.000001	0.000001	0.000000	0.000002	0.000000	0.000030	0.000000
76	0.999918	0.000037	0.000007	0.000001	0.000001	0.000001	0.000001	0.000002	0.000000	0.000032	0.000000
77	0.999911	0.000042	0.000007	0.000001	0.000001	0.000001	0.000000	0.000003	0.000000	0.000034	0.000000
78	0.999906	0.000045	0.000008	0.000001	0.000001	0.000001	0.000000	0.000003	0.000000	0.000036	0.000000
79	0.999899	0.000048	0.000008	0.000002	0.000001	0.000001	0.000000	0.000003	0.000000	0.000038	0.000000
80	0.999893	0.000051	0.000008	0.000002	0.000001	0.000001	0.000000	0.000003	0.000000	0.000041	0.000000
81	0.999887	0.000054	0.000008	0.000002	0.000002	0.000001	0.000000	0.000003	0.000000	0.000042	0.000000
82	0.999880	0.000059	0.000008	0.000002	0.000002	0.000001	0.000000	0.000003	0.000000	0.000045	0.000000
83	0.999873	0.000063	0.000009	0.000002	0.000002	0.000001	0.000000	0.000003	0.000000	0.000048	0.000000
84	0.999866	0.000066	0.000009	0.000002	0.000001	0.000001	0.000000	0.000003	0.000000	0.000050	0.000000
85	0.999859	0.000070	0.000010	0.000002	0.000002	0.000001	0.000000	0.000003	0.000000	0.000053	0.000000
86	0.999850	0.000075	0.000010	0.000002	0.000002	0.000001	0.000001	0.000004	0.000000	0.000056	0.000000
87	0.999841	0.000078	0.000012	0.000003	0.000002	0.000001	0.000000	0.000004	0.000000	0.000059	0.000000
88	0.999833	0.000080	0.000014	0.000003	0.000002	0.000001	0.000000	0.000004	0.000000	0.000063	0.000000
89	0.999823	0.000084	0.000014	0.000004	0.000002	0.000002	0.000001	0.000004	0.000000	0.000066	0.000000
90	0.999812	0.000090	0.000015	0.000003	0.000003	0.000002	0.000000	0.000004	0.000000	0.000071	0.000000
91	0.999802	0.000096	0.000014	0.000003	0.000002	0.000002	0.000001	0.000004	0.000000	0.000076	0.000000
92	0.999788	0.000103	0.000015	0.000003	0.000003	0.000002	0.000000	0.000005	0.000000	0.000080	0.000000
93	0.999775	0.000109	0.000017	0.000003	0.000003	0.000002	0.000001	0.000005	0.000000	0.000085	0.000000
94	0.999764	0.000114	0.000016	0.000003	0.000004	0.000003	0.000001	0.000006	0.000000	0.000090	0.000000
95	0.999751	0.000120	0.000017	0.000003	0.000004	0.000003	0.000001	0.000006	0.000000	0.000095	0.000000
96	0.999737	0.000125	0.000019	0.000003	0.000004	0.000003	0.000001	0.000006	0.000000	0.000101	0.000000
97	0.999721	0.000132	0.000020	0.000004	0.000004	0.000003	0.000001	0.000007	0.000000	0.000107	0.000000
98	0.999703	0.000143	0.000020	0.000005	0.000004	0.000004	0.000001	0.000008	0.000000	0.000114	0.000000
99	0.999685	0.000153	0.000022	0.000004	0.000004	0.000004	0.000000	0.000007	0.000001	0.000122	0.000000
100	0.999667	0.000161	0.000022	0.000005	0.000004	0.000004	0.000001	0.000007	0.000000	0.000128	0.000000
101	0.999646	0.000173	0.000022	0.000005	0.000004	0.000005	0.000001	0.000008	0.000000	0.000135	0.000000
102	0.999626	0.000184	0.000021	0.000005	0.000004	0.000005	0.000001	0.000008	0.000000	0.000144	0.000000
103	0.999606	0.000193	0.000024	0.000005	0.000004	0.000005	0.000001	0.000008	0.000001	0.000152	0.000000
104	0.999585	0.000201	0.000029	0.000006	0.000004	0.000005	0.000001	0.000009	0.000001	0.000160	0.000000
105	0.999561	0.000210	0.000030	0.000007	0.000005	0.000006	0.000002	0.000009	0.000001	0.000169	0.000000
106	0.999534	0.000223	0.000032	0.000006	0.000006	0.000006	0.000002	0.000010	0.000001	0.000181	0.000000
107	0.999508	0.000236	0.000033	0.000006	0.000006	0.000007	0.000002	0.000011	0.000001	0.000191	0.000000
108	0.999480	0.000249	0.000033	0.000007	0.000006	0.000008	0.000002	0.000012	0.000001	0.000202	0.000000
109	0.999449	0.000266	0.000035	0.000006	0.000007	0.000008	0.000002	0.000013	0.000001	0.000213	0.000000
110	0.999418	0.000282	0.000037	0.000008	0.000006	0.000008	0.000002	0.000014	0.000001	0.000225	0.000000
111	0.999387	0.000295	0.000039	0.000008	0.000007	0.000009	0.000002	0.000015	0.000001	0.000237	0.000000
112	0.999352	0.000313	0.000040	0.000009	0.000008	0.000010	0.000002	0.000016	0.000001	0.000251	0.000000
113	0.999317	0.000331	0.000040	0.000009	0.000007	0.000010	0.000002	0.000017	0.000001	0.000266	0.000000
114	0.999280	0.000347	0.000044	0.000008	0.000008	0.000010	0.000002	0.000017	0.000001	0.000281	0.000000
115	0.999241	0.000366	0.000045	0.000010	0.000009	0.000010	0.000003	0.000018	0.000001	0.000298	0.000000
116	0.999203	0.000381	0.000050	0.000009	0.000008	0.000010	0.000003	0.000019	0.000001	0.000315	0.000000
117	0.999160	0.000397	0.000055	0.000011	0.000009	0.000010	0.000003	0.000021	0.000001	0.000331	0.000000
118	0.999108	0.000424	0.000056	0.000012	0.000013	0.000012	0.000003	0.000022	0.000001	0.000350	0.000000
119	0.999056	0.000447	0.000062	0.000011	0.000012	0.000012	0.000003	0.000023	0.000001	0.000372	0.000000
120	0.999000	0.000475	0.000063	0.000013	0.000012	0.000014	0.000004	0.000025	0.000001	0.000393	0.000000
121	0.998943	0.000502	0.000067	0.000013	0.000013	0.000013	0.000004	0.000027	0.000001	0.000415	0.000000
122	0.998884	0.000527	0.000074	0.000014	0.000014	0.000014	0.000004	0.000028	0.000001	0.000440	0.000000
123	0.998820	0.000557	0.000077	0.000016	0.000016	0.000015	0.000004	0.000030	0.000001	0.000463	0.000000
124	0.998749	0.000588	0.000083	0.000018	0.000016	0.000016	0.000004	0.000033	0.000001	0.000492	0.000000
125	0.998678	0.000618	0.000088	0.000019	0.000018	0.000018	0.000005	0.000034	0.000002	0.000520	0.000000
126	0.998604	0.000651	0.000091	0.000020	0.000018	0.000019	0.000006	0.000037	0.000001	0.000552	0.000000
127	0.998521	0.000697	0.000092	0.000019	0.000019	0.000020	0.000006	0.000041	0.000001	0.000586	0.000000
128	0.998436	0.000738	0.000101	0.000018	0.000017	0.000020	0.000005	0.000043	0.000002	0.000619	0.000000
129	0.998347	0.000778	0.000110	0.000021	0.000020	0.000020	0.000006	0.000044	0.000002	0.000652	0.000000
130	0.998246	0.000831	0.000116	0.000023	0.000017	0.000022	0.000008	0.000047	0.000002	0.000688	0.000000
131	0.998145	0.000878	0.000126	0.000023	0.000019	0.000024	0.000008	0.000051	0.000002	0.000724	0.000000
132	0.998036	0.000934	0.000128	0.000027	0.000022	0.000023	0.000007	0.000053	0.000003	0.000765	0.000000
133	0.997919	0.000995	0.000138	0.000026	0.000020	0.000024	0.000008	0.000056	0.000003	0.000811	0.000000
134	0.997806	0.001046	0.000148	0.000027	0.000025	0.000025	0.000009	0.000060	0.000003	0.000852	0.000000
135	0.997678	0.001110	0.000156	0.000030	0.000026	0.000026	0.000008	0.000064	0.000003	0.000899	0.000000
136	0.997541	0.001180	0.000161	0.000031	0.000029	0.000028	0.000009	0.000066	0.000003	0.000952	0.000000
137	0.997403	0.001245	0.000173	0.000031	0.000031	0.000029	0.000009	0.000069	0.000003	0.001007	0.000000
138	0.997256	0.001315	0.000181	0.000034	0.000032	0.000033	0.000009	0.000073	0.000003	0.001062	0.000000
139	0.997102	0.001391	0.000189	0.000038	0.000033	0.000036	0.000009	0.000076	0.000003	0.001123	0.000000
140	0.996940	0.001469	0.000196	0.000040	0.000036	0.000039	0.000013	0.000079	0.000003	0.001185	0.000000
141	0.996768	0.001545	0.000209	0.000043	0.000040	0.000039	0.000012	0.000087	0.000004	0.001253	0.000000
142	0.996585	0.001624	0.000230	0.000044	0.000040	0.000042	0.000012	0.000091	0.000004	0.001329	0.000000
143	0.996386	0.001721	0.000237	0.000053	0.000040	0.000047	0.000014	0.000096	0.000004	0.001402	0.000000
144	0.996176	0.001823	0.000249	0.000049	0.000046	0.000049	0.000014	0.000103	0.000004	0.001487	0.000000
145	0.995957	0.001924	0.000267	0.000053	0.000049	0.000052	0.000015	0.000109	0.000004	0.001570	0.000000
146	0.995731	0.002027	0.000279	0.000058	0.000053	0.000056	0.000015	0.000117	0.000004	0.001661	0.000000
147	0.995483	0.002144	0.000297	0.000059	0.000053	0.000061	0.000016	0.000122	0.000004	0.001761	0.000000
148	0.995224	0.002271	0.000313	0.000062	0.000054	0.000062	0.000018	0.000128	0.000004	0.001864	0.000000
149	0.994953	0.002400	0.000332	0.000067	0.000059	0.000062	0.000017	0.000136	0.000004	0.001971	0.000000
150	0.994652	0.002557	0.000344	0.000075	0.000061	0.000062	0.000019	0.000142	0.000005	0.002084	0.000000
151	0.994350	0.002691	0.000380	0.000070	0.000060	0.000065	0.000020	0.000149	0.000006	0.002209	0.000000
152	0.994034	0.002832	0.000404	0.000082	0.000066	0.000071	0.000022	0.000158	0.000006	0.002324	0.000001
153	0.993694	0.002996	0.000417	0.000083	0.000075	0.000074	0.000026	0.000167	0.000006	0.002462	0.000000
154	0.993332	0.003177	0.000437	0.000083	0.000077	0.000079	0.000024	0.000179	0.000007	0.002605	0.000000
155	0.992954	0.003352	0.000465	0.000093	0.000083	0.000082	0.000025	0.000190	0.000007	0.002748	0.000000
156	0.992550	0.003552	0.000476	0.000103	0.000087	0.000090	0.000028	0.000200	0.000008	0.002906	0.000000
157	0.992142	0.003743	0.000506	0.000100	0.000091	0.000094	0.000029	0.000213	0.000009	0.003074	0.000000
158	0.991702	0.003943	0.000548	0.000104	0.000095	0.000097	0.000031	0.000224	0.000009	0.003247	0.000000
159	0.991224	0.004175	0.000570	0.000118	0.000102	0.000105	0.000032	0.000237	0.000010	0.003426	0.000001
160	0.990727	0.004409	0.000608	0.000119	0.000107	0.000107	0.000035	0.000249	0.000011	0.003628	0.000000
161	0.990211	0.004657	0.000635	0.000125	0.000117	0.000114	0.000034	0.000265	0.000010	0.003833	0.000001
162	0.989649	0.004931	0.000672	0.000134	0.000120	0.000120	0.000033	0.000277	0.000011	0.004051	0.000001
163	0.989062	0.005200	0.000723	0.000146	0.000123	0.000131	0.000038	0.000288	0.000012	0.004277	0.000000
164	0.988449	0.005486	0.000752	0.000156	0.000134	0.000141	0.000046	0.000305	0.000012	0.004519	0.000001
165	0.987792	0.005800	0.000788	0.000158	0.000143	0.000150	0.000045	0.000327	0.000014	0.004782	0.000000
166	0.987104	0.006123	0.000832	0.000167	0.000152	0.000155	0.000048	0.000346	0.000014	0.005059	0.000001
167	0.986376	0.006468	0.000875	0.000179	0.000161	0.000166	0.000049	0.000369	0.000016	0.005342	0.000001
168	0.985623	0.006811	0.000930	0.000189	0.000167	0.000174	0.000049	0.000387	0.000017	0.005653	0.000001
169	0.984824	0.007176	0.000983	0.000197	0.000183	0.000189	0.000053	0.000403	0.000017	0.005975	0.000001
170	0.983957	0.007589	0.001034	0.000206	0.000195	0.000202	0.000063	0.000426	0.000017	0.006310	0.000001
171	0.983061	0.008001	0.001100	0.000218	0.000200	0.000215	0.000063	0.000454	0.000018	0.006669	0.000001
172	0.982097	0.008468	0.001152	0.000235	0.000212	0.000226	0.000067	0.000483	0.000020	0.007040	0.000001
173	0.981085	0.008948	0.001217	0.000247	0.000221	0.000236	0.000071	0.000510	0.000022	0.007442	0.000001
174	0.980010	0.009456	0.001290	0.000260	0.000231	0.000252	0.000072	0.000540	0.000023	0.007866	0.000001
175	0.978896	0.009975	0.001362	0.000276	0.000247	0.000260	0.000080	0.000567	0.000025	0.008313	0.000001
176	0.977707	0.010534	0.001437	0.000286	0.000259	0.000276	0.000082	0.000597	0.000026	0.008796	0.000002
177	0.976460	0.011115	0.001528	0.000300	0.000273	0.000293	0.000085	0.000633	0.000028	0.009284	0.000001
178	0.975126	0.011754	0.001599	0.000335	0.000292	0.000304	0.000094	0.000663	0.000030	0.009802	0.000002
179	0.973750	0.012390	0.001688	0.000346	0.000301	0.000324	0.000092	0.000704	0.000032	0.010373	0.000002
180	0.972290	0.013060	0.001795	0.000361	0.000318	0.000339	0.000102	0.000740	0.000033	0.010962	0.000001
181	0.970752	0.013780	0.001881	0.000386	0.000337	0.000360	0.000108	0.000780	0.000036	0.011580	0.000001
182	0.969134	0.014517	0.001999	0.000394	0.000354	0.000386	0.000117	0.000825	0.000039	0.012234	0.000002
183	0.967404	0.015341	0.002113	0.000417	0.000372	0.000402	0.000117	0.000871	0.000042	0.012921	0.000002
184	0.965609	0.016184	0.002221	0.000448	0.000388	0.000424	0.000129	0.000919	0.000044	0.013636	0.000003
185	0.963725	0.017040	0.002365	0.000457	0.000417	0.000442	0.000141	0.000968	0.000046	0.014400	0.000002
186	0.961710	0.017983	0.002491	0.000491	0.000443	0.000467	0.000140	0.001034	0.000049	0.015191	0.000003
187	0.959599	0.018952	0.002641	0.000520	0.000463	0.000496	0.000146	0.001092	0.000050	0.016042	0.000003
188	0.957356	0.019992	0.002792	0.000561	0.000483	0.000514	0.000156	0.001154	0.000052	0.016939	0.000003
189	0.955079	0.021066	0.002934	0.000598	0.000520	0.000541	0.000165	0.001144	0.000054	0.017900	0.000074
190	0.952690	0.022198	0.003076	0.000629	0.000537	0.000578	0.000174	0.001157	0.000055	0.018907	0.000072
191	0.950210	0.023360	0.003243	0.000651	0.000571	0.000618	0.000183	0.001159	0.000057	0.019949	0.000094
192	0.947642	0.024539	0.003425	0.000691	0.000608	0.000651	0.000193	0.001155	0.000057	0.021037	0.000104
193	0.944978	0.025763	0.003576	0.000739	0.000644	0.000690	0.000204	0.001156	0.000059	0.022190	0.000112
194	0.942211	0.027038	0.003740	0.000773	0.000661	0.000717	0.000223	0.001156	0.000060	0.023419	0.000125
195	0.939335	0.028305	0.003968	0.000806	0.000703	0.000750	0.000228	0.001159	0.000062	0.024684	0.000142
196	0.936309	0.029681	0.004142	0.000851	0.000748	0.000792	0.000240	0.001151	0.000063	0.026022	0.000152
197	0.933149	0.031108	0.004351	0.000887	0.000771	0.000836	0.000245	0.001155	0.000064	0.027435	0.000154
198	0.929887	0.032542	0.004562	0.000931	0.000833	0.000868	0.000262	0.001154	0.000066	0.028897	0.000165
199	0.926472	0.034057	0.004761	0.000997	0.000858	0.000914	0.000275	0.001147	0.000068	0.030450	0.000179
200	0.922892	0.035621	0.005010	0.001020	0.000907	0.000960	0.000289	0.001147	0.000070	0.032085	0.000187
0	0.871152	0.056950	0.008061	0.001725	0.001490	0.001646	0.000493	0.001144	0.000081	0.057257	0.000372
1	0.999999	0.000000	0.000000	0.000000	0.000000	0.000000	0.000000	0.000000	0.000000	0.000000	0.000000
2	0.999999	0.000000	0.000000	0.000000	0.000000	0.000000	0.000000	0.000000	0.000000	0.000000	0.000000
3	0.999999	0.000001	0.000000	0.000000	0.000000	0.000000	0.000000	0.000000	0.000000	0.000000	0.000000
4	0.999998	0.000001	0.000000	0.000000	0.000000	0.000000	0.000000	0.000000	0.000000	0.000000	0.000000
5	0.999998	0.000001	0.000000	0.000000	0.000000	0.000000	0.000000	0.000000	0.000000	0.000000	0.000000
6	0.999998	0.000001	0.000000	0.000000	0.000000	0.000000	0.000000	0.000000	0.000000	0.000000	0.000000
7	0.999998	0.000001	0.000000	0.000000	0.000000	0.000000	0.000000	0.000000	0.000000	0.000000	0.000000
8	0.999998	0.000001	0.000000	0.000000	0.000000	0.000000	0.000000	0.000000	0.000000	0.000000	0.000000
9	0.999998	0.000001	0.000000	0.000000	0.000000	0.000000	0.000000	0.000000	0.000000	0.000000	0.000000
10	0.999998	0.000002	0.000000	0.000000	0.000000	0.000000	0.000000	0.000000	0.000000	0.000000	0.000000
11	0.999997	0.000002	0.000001	0.000000	0.000000	0.000000	0.000000	0.000000	0.000000	0.000000	0.000000
12	0.999997	0.000002	0.000001	0.000000	0.000000	0.000000	0.000000	0.000000	0.000000	0.000000	0.000000
13	0.999997	0.000002	0.000000	0.000000	0.000000	0.000000	0.000000	0.000000	0.000000	0.000001	0.000000
14	0.999997	0.000002	0.000000	0.000000	0.000000	0.000000	0.000000	0.000000	0.000000	0.000001	0.000000
15	0.999997	0.000002	0.000000	0.000000	0.000000	0.000000	0.000000	0.000000	0.000000	0.000001	0.000000
16	0.999997	0.000002	0.000000	0.000000	0.000000	0.000000	0.000000	0.000000	0.000000	0.000001	0.000000
17	0.999996	0.000002	0.000000	0.000000	0.000000	0.000000	0.000000	0.000000	0.000000	0.000001	0.000000
18	0.999996	0.000002	0.000000	0.000000	0.000000	0.000000	0.000000	0.000000	0.000000	0.000001	0.000000
19	0.999996	0.000002	0.000000	0.000000	0.000000	0.000000	0.000000	0.000000	0.000000	0.000001	0.000000
20	0.999996	0.000002	0.000000	0.000000	0.000000	0.000000	0.000000	0.000000	0.000000	0.000001	0.000000
21	0.999996	0.000002	0.000000	0.000000	0.000000	0.000000	0.000000	0.000000	0.000000	0.000001	0.000000
22	0.999996	0.000002	0.000000	0.000000	0.000000	0.000000	0.000000	0.000000	0.000000	0.000001	0.000000
23	0.999995	0.000003	0.000000	0.000000	0.000000	0.000000	0.000000	0.000000	0.000000	0.000002	0.000000
24	0.999995	0.000002	0.000000	0.000000	0.000000	0.000000	0.000000	0.000000	0.000000	0.000002	0.000000
25	0.999995	0.000003	0.000000	0.000000	0.000000	0.000000	0.000000	0.000000	0.000000	0.000002	0.000000
26	0.999995	0.000003	0.000001	0.000000	0.000000	0.000000	0.000000	0.000000	0.000000	0.000002	0.000000
27	0.999994	0.000003	0.000001	0.000000	0.000000	0.000000	0.000000	0.000000	0.000000	0.000002	0.000000
28	0.999994	0.000003	0.000000	0.000000	0.000000	0.000000	0.000000	0.000000	0.000000	0.000002	0.000000
29	0.999993	0.000003	0.000000	0.000000	0.000000	0.000000	0.000000	0.000000	0.000000	0.000003	0.000000
30	0.999993	0.000003	0.000000	0.000000	0.000000	0.000000	0.000000	0.000000	0.000000	0.000003	0.000000
31	0.999993	0.000003	0.000000	0.000000	0.000000	0.000000	0.000000	0.000000	0.000000	0.000003	0.000000
32	0.999993	0.000003	0.000000	0.000000	0.000000	0.000000	0.000000	0.000000	0.000000	0.000003	0.000000
33	0.999992	0.000003	0.000000	0.000000	0.000000	0.000000	0.000000	0.000000	0.000000	0.000004	0.000000
34	0.999992	0.000003	0.000000	0.000000	0.000000	0.000000	0.000000	0.000000	0.000000	0.000004	0.000000
35	0.999992	0.000004	0.000000	0.000000	0.000000	0.000000	0.000000	0.000000	0.000000	0.000004	0.000000
36	0.999991	0.000004	0.000000	0.000000	0.000000	0.000000	0.000000	0.000000	0.000000	0.000004	0.000000
37	0.999991	0.000004	0.000000	0.000000	0.000000	0.000000	0.000000	0.000000	0.000000	0.000005	0.000000
38	0.999990	0.000004	0.000001	0.000000	0.000000	0.000000	0.000000	0.000000	0.000000	0.000005	0.000000
39	0.999989	0.000004	0.000001	0.000000	0.000000	0.000000	0.000000	0.000000	0.000000	0.000005	0.000000
40	0.999989	0.000005	0.000001	0.000000	0.000000	0.000000	0.000000	0.000000	0.000000	0.000005	0.000000
41	0.999988	0.000005	0.000001	0.000000	0.000000	0.000000	0.000000	0.000000	0.000000	0.000005	0.000000
42	0.999987	0.000005	0.000001	0.000000	0.000000	0.000000	0.000000	0.000000	0.000000	0.000006	0.000000
43	0.999986	0.000006	0.000001	0.000000	0.000000	0.000000	0.000000	0.000000	0.000000	0.000006	0.000000
44	0.999986	0.000006	0.000001	0.000000	0.000000	0.000000	0.000000	0.000000	0.000000	0.000006	0.000000
45	0.999985	0.000007	0.000001	0.000000	0.000000	0.000000	0.000000	0.000000	0.000000	0.000006	0.000000
46	0.999984	0.000008	0.000001	0.000000	0.000000	0.000000	0.000000	0.000001	0.000000	0.000007	0.000000
47	0.999982	0.000009	0.000001	0.000000	0.000000	0.000000	0.000000	0.000001	0.000000	0.000007	0.000000
48	0.999981	0.000010	0.000001	0.000000	0.000000	0.000000	0.000000	0.000001	0.000000	0.000007	0.000000
49	0.999980	0.000010	0.000001	0.000000	0.000000	0.000000	0.000000	0.000001	0.000000	0.000008	0.000000
50	0.999979	0.000011	0.000001	0.000000	0.000000	0.000000	0.000000	0.000001	0.000000	0.000008	0.000000
51	0.999978	0.000011	0.000001	0.000000	0.000000	0.000000	0.000000	0.000001	0.000000	0.000008	0.000000
52	0.999977	0.000012	0.000001	0.000000	0.000000	0.000000	0.000000	0.000001	0.000000	0.000008	0.000000
53	0.999976	0.000012	0.000002	0.000000	0.000000	0.000000	0.000000	0.000001	0.000000	0.000009	0.000000
54	0.999975	0.000013	0.000002	0.000001	0.000000	0.000000	0.000000	0.000001	0.000000	0.000009	0.000000
55	0.999973	0.000013	0.000002	0.000001	0.000000	0.000000	0.000000	0.000001	0.000000	0.000010	0.000000
56	0.999971	0.000014	0.000002	0.000000	0.000000	0.000000	0.000000	0.000001	0.000000	0.000011	0.000000
57	0.999970	0.000016	0.000001	0.000000	0.000000	0.000000	0.000000	0.000001	0.000000	0.000011	0.000000
58	0.999968	0.000016	0.000002	0.000000	0.000000	0.000000	0.000000	0.000001	0.000000	0.000012	0.000000
59	0.999966	0.000016	0.000002	0.000001	0.000000	0.000001	0.000000	0.000001	0.000000	0.000013	0.000000
60	0.999965	0.000017	0.000001	0.000001	0.000000	0.000000	0.000000	0.000001	0.000000	0.000014	0.000000
61	0.999963	0.000018	0.000001	0.000000	0.000000	0.000000	0.000000	0.000001	0.000000	0.000015	0.000000
62	0.999961	0.000020	0.000001	0.000000	0.000000	0.000000	0.000000	0.000002	0.000000	0.000015	0.000000
63	0.999959	0.000020	0.000002	0.000000	0.000000	0.000000	0.000000	0.000002	0.000000	0.000016	0.000000
64	0.999958	0.000020	0.000002	0.000000	0.000001	0.000001	0.000000	0.000002	0.000000	0.000017	0.000000
65	0.999956	0.000020	0.000002	0.000001	0.000000	0.000000	0.000000	0.000002	0.000000	0.000018	0.000000
66	0.999954	0.000022	0.000003	0.000000	0.000000	0.000000	0.000000	0.000002	0.000000	0.000019	0.000000
67	0.999951	0.000023	0.000003	0.000000	0.000000	0.000000	0.000000	0.000002	0.000000	0.000020	0.000000
68	0.999949	0.000024	0.000003	0.000001	0.000000	0.000000	0.000000	0.000002	0.000000	0.000021	0.000000
69	0.999946	0.000025	0.000004	0.000000	0.000001	0.000001	0.000000	0.000002	0.000000	0.000021	0.000000
70	0.999943	0.000026	0.000003	0.000001	0.000001	0.000001	0.000000	0.000002	0.000000	0.000022	0.000000
71	0.999939	0.000028	0.000004	0.000001	0.000000	0.000000	0.000000	0.000002	0.000000	0.000024	0.000000
72	0.999936	0.000030	0.000004	0.000001	0.000001	0.000000	0.000000	0.000002	0.000000	0.000025	0.000000
73	0.999932	0.000031	0.000005	0.000001	0.000001	0.000001	0.000000	0.000002	0.000000	0.000027	0.000000
74	0.999928	0.000034	0.000005	0.000001	0.000001	0.000001	0.000000	0.000002	0.000000	0.000029	0.000000
75	0.999923	0.000035	0.000007	0.000001	0.000001	0.000001	0.000000	0.000002	0.000000	0.000030	0.000000
76	0.999918	0.000037	0.000007	0.000001	0.000001	0.000001	0.000001	0.000002	0.000000	0.000032	0.000000
77	0.999911	0.000042	0.000007	0.000001	0.000001	0.000001	0.000000	0.000003	0.000000	0.000034	0.000000
78	0.999906	0.000045	0.000008	0.000001	0.000001	0.000001	0.000000	0.000003	0.000000	0.000036	0.000000
79	0.999899	0.000048	0.000008	0.000002	0.000001	0.000001	0.000000	0.000003	0.000000	0.000038	0.000000
80	0.999893	0.000051	0.000008	0.000002	0.000001	0.000001	0.000000	0.000003	0.000000	0.000041	0.000000
81	0.999887	0.000054	0.000008	0.000002	0.000002	0.000001	0.000000	0.000003	0.000000	0.000042	0.000000
82	0.999880	0.000059	0.000008	0.000002	0.000002	0.000001	0.000000	0.000003	0.000000	0.000045	0.000000
83	0.999873	0.000063	0.000009	0.000002	0.000002	0.000001	0.000000	0.000003	0.000000	0.000048	0.000000
84	0.999866	0.000066	0.000009	0.000002	0.000001	0.000001	0.000000	0.000003	0.000000	0.000050	0.000000
85	0.999859	0.000070	0.000010	0.000002	0.000002	0.000001	0.000000	0.000003	0.000000	0.000053	0.000000
86	0.999850	0.000075	0.000010	0.000002	0.000002	0.000001	0.000001	0.000004	0.000000	0.000056	0.000000
87	0.999841	0.000078	0.000012	0.000003	0.000002	0.000001	0.000000	0.000004	0.000000	0.000059	0.000000
88	0.999833	0.000080	0.000014	0.000003	0.000002	0.000001	0.000000	0.000004	0.000000	0.000063	0.000000
89	0.999823	0.000084	0.000014	0.000004	0.000002	0.000002	0.000001	0.000004	0.000000	0.000066	0.000000
90	0.999812	0.000090	0.000015	0.000003	0.000003	0.000002	0.000000	0.000004	0.000000	0.000071	0.000000
91	0.999802	0.000096	0.000014	0.000003	0.000002	0.000002	0.000001	0.000004	0.000000	0.000076	0.000000
92	0.999788	0.000103	0.000015	0.000003	0.000003	0.000002	0.000000	0.000005	0.000000	0.000080	0.000000
93	0.999775	0.000109	0.000017	0.000003	0.000003	0.000002	0.000001	0.000005	0.000000	0.000085	0.000000
94	0.999764	0.000114	0.000016	0.000003	0.000004	0.000003	0.000001	0.000006	0.000000	0.000090	0.000000
95	0.999751	0.000120	0.000017	0.000003	0.000004	0.000003	0.000001	0.000006	0.000000	0.000095	0.000000
96	0.999737	0.000125	0.000019	0.000003	0.000004	0.000003	0.000001	0.000006	0.000000	0.000101	0.000000
97	0.999721	0.000132	0.000020	0.000004	0.000004	0.000003	0.000001	0.000007	0.000000	0.000107	0.000000
98	0.999703	0.000143	0.000020	0.000005	0.000004	0.000004	0.000001	0.000008	0.000000	0.000114	0.000000
99	0.999685	0.000153	0.000022	0.000004	0.000004	0.000004	0.000000	0.000007	0.000001	0.000122	0.000000
100	0.999667	0.000161	0.000022	0.000005	0.000004	0.000004	0.000001	0.000007	0.000000	0.000128	0.000000
101	0.999646	0.000173	0.000022	0.000005	0.000004	0.000005	0.000001	0.000008	0.000000	0.000135	0.000000
102	0.999626	0.000184	0.000021	0.000005	0.000004	0.000005	0.000001	0.000008	0.000000	0.000144	0.000000
103	0.999606	0.000193	0.000024	0.000005	0.000004	0.000005	0.000001	0.000008	0.000001	0.000152	0.000000
104	0.999585	0.000201	0.000029	0.000006	0.000004	0.000005	0.000001	0.000009	0.000001	0.000160	0.000000
105	0.999561	0.000210	0.000030	0.000007	0.000005	0.000006	0.000002	0.000009	0.000001	0.000169	0.000000
106	0.999534	0.000223	0.000032	0.000006	0.000006	0.000006	0.000002	0.000010	0.000001	0.000181	0.000000
107	0.999508	0.000236	0.000033	0.000006	0.000006	0.000007	0.000002	0.000011	0.000001	0.000191	0.000000
108	0.999480	0.000249	0.000033	0.000007	0.000006	0.000008	0.000002	0.000012	0.000001	0.000202	0.000000
109	0.999449	0.000266	0.000035	0.000006	0.000007	0.000008	0.000002	0.000013	0.000001	0.000213	0.000000
110	0.999418	0.000282	0.000037	0.000008	0.000006	0.000008	0.000002	0.000014	0.000001	0.000225	0.000000
111	0.999387	0.000295	0.000039	0.000008	0.000007	0.000009	0.000002	0.000015	0.000001	0.000237	0.000000
112	0.999352	0.000313	0.000040	0.000009	0.000008	0.000010	0.000002	0.000016	0.000001	0.000251	0.000000
113	0.999317	0.000331	0.000040	0.000009	0.000007	0.000010	0.000002	0.000017	0.000001	0.000266	0.000000
114	0.999280	0.000347	0.000044	0.000008	0.000008	0.000010	0.000002	0.000017	0.000001	0.000281	0.000000
115	0.999241	0.000366	0.000045	0.000010	0.000009	0.000010	0.000003	0.000018	0.000001	0.000298	0.000000
116	0.999203	0.000381	0.000050	0.000009	0.000008	0.000010	0.000003	0.000019	0.000001	0.000315	0.000000
117	0.999160	0.000397	0.000055	0.000011	0.000009	0.000010	0.000003	0.000021	0.000001	0.000331	0.000000
118	0.999108	0.000424	0.000056	0.000012	0.000013	0.000012	0.000003	0.000022	0.000001	0.000350	0.000000
119	0.999056	0.000447	0.000062	0.000011	0.000012	0.000012	0.000003	0.000023	0.000001	0.000372	0.000000
120	0.999000	0.000475	0.000063	0.000013	0.000012	0.000014	0.000004	0.000025	0.000001	0.000393	0.000000
121	0.998943	0.000502	0.000067	0.000013	0.000013	0.000013	0.000004	0.000027	0.000001	0.000415	0.000000
122	0.998884	0.000527	0.000074	0.000014	0.000014	0.000014	0.000004	0.000028	0.000001	0.000440	0.000000
123	0.998820	0.000557	0.000077	0.000016	0.000016	0.000015	0.000004	0.000030	0.000001	0.000463	0.000000
124	0.998749	0.000588	0.000083	0.000018	0.000016	0.000016	0.000004	0.000033	0.000001	0.000492	0.000000
125	0.998678	0.000618	0.000088	0.000019	0.000018	0.000018	0.000005	0.000034	0.000002	0.000520	0.000000
126	0.998604	0.000651	0.000091	0.000020	0.000018	0.000019	0.000006	0.000037	0.000001	0.000552	0.000000
127	0.998521	0.000697	0.000092	0.000019	0.000019	0.000020	0.000006	0.000041	0.000001	0.000586	0.000000
128	0.998436	0.000738	0.000101	0.000018	0.000017	0.000020	0.000005	0.000043	0.000002	0.000619	0.000000
129	0.998347	0.000778	0.000110	0.000021	0.000020	0.000020	0.000006	0.000044	0.000002	0.000652	0.000000
130	0.998246	0.000831	0.000116	0.000023	0.000017	0.000022	0.000008	0.000047	0.000002	0.000688	0.000000
131	0.998145	0.000878	0.000126	0.000023	0.000019	0.000024	0.000008	0.000051	0.000002	0.000724	0.000000
132	0.998036	0.000934	0.000128	0.000027	0.000022	0.000023	0.000007	0.000053	0.000003	0.000765	0.000000
133	0.997919	0.000995	0.000138	0.000026	0.000020	0.000024	0.000008	0.000056	0.000003	0.000811	0.000000
134	0.997806	0.001046	0.000148	0.000027	0.000025	0.000025	0.000009	0.000060	0.000003	0.000852	0.000000
135	0.997678	0.001110	0.000156	0.000030	0.000026	0.000026	0.000008	0.000064	0.000003	0.000899	0.000000
136	0.997541	0.001180	0.000161	0.000031	0.000029	0.000028	0.000009	0.000066	0.000003	0.000952	0.000000
137	0.997403	0.001245	0.000173	0.000031	0.000031	0.000029	0.000009	0.000069	0.000003	0.001007	0.000000
138	0.997256	0.001315	0.000181	0.000034	0.000032	0.000033	0.000009	0.000073	0.000003	0.001062	0.000000
139	0.997102	0.001391	0.000189	0.000038	0.000033	0.000036	0.000009	0.000076	0.000003	0.001123	0.000000
140	0.996940	0.001469	0.000196	0.000040	0.000036	0.000039	0.000013	0.000079	0.000003	0.001185	0.000000
141	0.996768	0.001545	0.000209	0.000043	0.000040	0.000039	0.000012	0.000087	0.000004	0.001253	0.000000
142	0.996585	0.001624	0.000230	0.000044	0.000040	0.000042	0.000012	0.000091	0.000004	0.001329	0.000000
143	0.996386	0.001721	0.000237	0.000053	0.000040	0.000047	0.000014	0.000096	0.000004	0.001402	0.000000
144	0.996176	0.001823	0.000249	0.000049	0.000046	0.000049	0.000014	0.000103	0.000004	0.001487	0.000000
145	0.995957	0.001924	0.000267	0.000053	0.000049	0.000052	0.000015	0.000109	0.000004	0.001570	0.000000
146	0.995731	0.002027	0.000279	0.000058	0.000053	0.000056	0.000015	0.000117	0.000004	0.001661	0.000000
147	0.995483	0.002144	0.000297	0.000059	0.000053	0.000061	0.000016	0.000122	0.000004	0.001761	0.000000
148	0.995224	0.002271	0.000313	0.000062	0.000054	0.000062	0.000018	0.000128	0.000004	0.001864	0.000000
149	0.994953	0.002400	0.000332	0.000067	0.000059	0.000062	0.000017	0.000136	0.000004	0.001971	0.000000
150	0.994652	0.002557	0.000344	0.000075	0.000061	0.000062	0.000019	0.000142	0.000005	0.002084	0.000000
151	0.994350	0.002691	0.000380	0.000070	0.000060	0.000065	0.000020	0.000149	0.000006	0.002209	0.000000
152	0.994034	0.002832	0.000404	0.000082	0.000066	0.000071	0.000022	0.000158	0.000006	0.002324	0.000001
153	0.993694	0.002996	0.000417	0.000083	0.000075	0.000074	0.000026	0.000167	0.000006	0.002462	0.000000
154	0.993332	0.003177	0.000437	0.000083	0.000077	0.000079	0.000024	0.000179	0.000007	0.002605	0.000000
155	0.992954	0.003352	0.000465	0.000093	0.000083	0.000082	0.000025	0.000190	0.000007	0.002748	0.000000
156	0.992550	0.003552	0.000476	0.000103	0.000087	0.000090	0.000028	0.000200	0.000008	0.002906	0.000000
157	0.992142	0.003743	0.000506	0.000100	0.000091	0.000094	0.000029	0.000213	0.000009	0.003074	0.000000
158	0.991702	0.003943	0.000548	0.000104	0.000095	0.000097	0.000031	0.000224	0.000009	0.003247	0.000000
159	0.991224	0.004175	0.000570	0.000118	0.000102	0.000105	0.000032	0.000237	0.000010	0.003426	0.000001
160	0.990727	0.004409	0.000608	0.000119	0.000107	0.000107	0.000035	0.000249	0.000011	0.003628	0.000000
161	0.990211	0.004657	0.000635	0.000125	0.000117	0.000114	0.000034	0.000265	0.000010	0.003833	0.000001
162	0.989649	0.004931	0.000672	0.000134	0.000120	0.000120	0.000033	0.000277	0.000011	0.004051	0.000001
163	0.989062	0.005200	0.000723	0.000146	0.000123	0.000131	0.000038	0.000288	0.000012	0.004277	0.000000
164	0.988449	0.005486	0.000752	0.000156	0.000134	0.000141	0.000046	0.000305	0.000012	0.004519	0.000001
165	0.987792	0.005800	0.000788	0.000158	0.000143	0.000150	0.000045	0.000327	0.000014	0.004782	0.000000
166	0.987104	0.006123	0.000832	0.000167	0.000152	0.000155	0.000048	0.000346	0.000014	0.005059	0.000001
167	0.986376	0.006468	0.000875	0.000179	0.000161	0.000166	0.000049	0.000369	0.000016	0.005342	0.000001
168	0.985623	0.006811	0.000930	0.000189	0.000167	0.000174	0.000049	0.000387	0.000017	0.005653	0.000001
169	0.984824	0.007176	0.000983	0.000197	0.000183	0.000189	0.000053	0.000403	0.000017	0.005975	0.000001
170	0.983957	0.007589	0.001034	0.000206	0.000195	0.000202	0.000063	0.000426	0.000017	0.006310	0.000001
171	0.983061	0.008001	0.001100	0.000218	0.000200	0.000215	0.000063	0.000454	0.000018	0.006669	0.000001
172	0.982097	0.008468	0.001152	0.000235	0.000212	0.000226	0.000067	0.000483	0.000020	0.007040	0.000001
173	0.981085	0.008948	0.001217	0.000247	0.000221	0.000236	0.000071	0.000510	0.000022	0.007442	0.000001
174	0.980010	0.009456	0.001290	0.000260	0.000231	0.000252	0.000072	0.000540	0.000023	0.007866	0.000001
175	0.978896	0.009975	0.001362	0.000276	0.000247	0.000260	0.000080	0.000567	0.000025	0.008313	0.000001
176	0.977707	0.010534	0.001437	0.000286	0.000259	0.000276	0.000082	0.000597	0.000026	0.008796	0.000002
177	0.976460	0.011115	0.001528	0.000300	0.000273	0.000293	0.000085	0.000633	0.000028	0.009284	0.000001
178	0.975126	0.011754	0.001599	0.000335	0.000292	0.000304	0.000094	0.000663	0.000030	0.009802	0.000002
179	0.973750	0.012390	0.001688	0.000346	0.000301	0.000324	0.000092	0.000704	0.000032	0.010373	0.000002
180	0.972290	0.013060	0.001795	0.000361	0.000318	0.000339	0.000102	0.000740	0.000033	0.010962	0.000001
181	0.970752	0.013780	0.001881	0.000386	0.000337	0.000360	0.000108	0.000780	0.000036	0.011580	0.000001
182	0.969134	0.014517	0.001999	0.000394	0.000354	0.000386	0.000117	0.000825	0.000039	0.012234	0.000002
183	0.967404	0.015341	0.002113	0.000417	0.000372	0.000402	0.000117	0.000871	0.000042	0.012921	0.000002
184	0.965609	0.016184	0.002221	0.000448	0.000388	0.000424	0.000129	0.000919	0.000044	0.013636	0.000003
185	0.963725	0.017040	0.002365	0.000457	0.000417	0.000442	0.000141	0.000968	0.000046	0.014400	0.000002
186	0.961710	0.017983	0.002491	0.000491	0.000443	0.000467	0.000140	0.001034	0.000049	0.015191	0.000003
187	0.959599	0.018952	0.002641	0.000520	0.000463	0.000496	0.000146	0.001092	0.000050	0.016042	0.000003
188	0.957356	0.019992	0.002792	0.000561	0.000483	0.000514	0.000156	0.001154	0.000052	0.016939	0.000003
189	0.955079	0.021066	0.002934	0.000598	0.000520	0.000541	0.000165	0.001144	0.000054	0.017900	0.000074
190	0.952690	0.022198	0.003076	0.000629	0.000537	0.000578	0.000174	0.001157	0.000055	0.018907	0.000072
191	0.950210	0.023360	0.003243	0.000651	0.000571	0.000618	0.000183	0.001159	0.000057	0.019949	0.000094
192	0.947642	0.024539	0.003425	0.000691	0.000608	0.000651	0.000193	0.001155	0.000057	0.021037	0.000104
193	0.944978	0.025763	0.003576	0.000739	0.000644	0.000690	0.000204	0.001156	0.000059	0.022190	0.000113
194	0.942211	0.027038	0.003741	0.000773	0.000661	0.000717	0.000223	0.001156	0.000060	0.023419	0.000125
195	0.939335	0.028305	0.003968	0.000806	0.000703	0.000750	0.000228	0.001159	0.000062	0.024684	0.000142
196	0.936309	0.029682	0.004142	0.000851	0.000748	0.000792	0.000240	0.001151	0.000063	0.026022	0.000152
197	0.933148	0.031108	0.004351	0.000887	0.000771	0.000836	0.000245	0.001155	0.000064	0.027435	0.000154
198	0.929887	0.032542	0.004562	0.000931	0.000833	0.000868	0.000262	0.001154	0.000066	0.028896	0.000165
199	0.926472	0.034057	0.004762	0.000997	0.000858	0.000914	0.000275	0.001147	0.000068	0.030450	0.000179
200	0.922893	0.035621	0.005010	0.001020	0.000907	0.000960	0.000289	0.001148	0.000070	0.032084	0.000187
