0	0.707300	0.263700	0.020900	0.001900	0.001300	0.001000	0.000300	0.000200	0.000000	0.003400	0.000200
1	0.996300	0.003200	0.000300	0.000100	0.000100	0.000000	0.000000	0.000000	0.000000	0.000000	0.000000
2	0.992100	0.007200	0.000500	0.000100	0.000100	0.000000	0.000000	0.000000	0.000000	0.000000	0.000000
3	0.987700	0.011300	0.000800	0.000100	0.000100	0.000000	0.000000	0.000000	0.000000	0.000000	0.000000
4	0.980900	0.017000	0.001700	0.000200	0.000200	0.000000	0.000000	0.000000	0.000000	0.000000	0.000000
5	0.963300	0.033500	0.002700	0.000100	0.000300	0.000000	0.000000	0.000000	0.000000	0.000100	0.000000
6	0.942100	0.053600	0.003600	0.000100	0.000400	0.000000	0.000000	0.000000	0.000000	0.000200	0.000000
7	0.914900	0.078900	0.005000	0.000200	0.000400	0.000200	0.000000	0.000000	0.000000	0.000400	0.000000
8	0.879600	0.109900	0.008800	0.000100	0.000500	0.000200	0.000200	0.000000	0.000000	0.000700	0.000000
9	0.823300	0.160600	0.011900	0.001500	0.000900	0.000300	0.000400	0.000200	0.000000	0.000900	0.000000
10	0.744800	0.230300	0.018900	0.002000	0.001200	0.000300	0.000000	0.000200	0.000000	0.002300	0.000400
0	0.017700	0.025600	0.000000	0.000000	0.000000	0.000000	0.000000	0.000000	0.000000	0.956700	0.000000
1	0.996300	0.003200	0.000300	0.000100	0.000100	0.000000	0.000000	0.000000	0.000000	0.000000	0.000000
2	0.992100	0.007200	0.000500	0.000100	0.000100	0.000000	0.000000	0.000000	0.000000	0.000000	0.000000
3	0.987700	0.011300	0.000800	0.000100	0.000100	0.000000	0.000000	0.000000	0.000000	0.000000	0.000000
4	0.980900	0.017000	0.001700	0.000200	0.000200	0.000000	0.000000	0.000000	0.000000	0.000000	0.000000
5	0.963300	0.033500	0.002700	0.000100	0.000300	0.000000	0.000000	0.000000	0.000000	0.000100	0.000000
6	0.942100	0.053600	0.003600	0.000100	0.000400	0.000000	0.000000	0.000000	0.000000	0.000200	0.000000
7	0.914900	0.078900	0.005000	0.000200	0.000400	0.000200	0.000000	0.000000	0.000000	0.000400	0.000000
8	0.879600	0.109900	0.008800	0.000100	0.000500	0.000200	0.000200	0.000000	0.000000	0.000700	0.000000
9	0.823300	0.160600	0.011900	0.001500	0.000900	0.000300	0.000400	0.000200	0.000000	0.000900	0.000000
10	0.744800	0.230300	0.018900	0.002000	0.001200	0.000300	0.000000	0.000200	0.000000	0.002300	0.000400
11	0.647000	0.314600	0.028400	0.002300	0.002100	0.000900	0.000600	0.000200	0.000000	0.003900	0.000000
12	0.530800	0.415700	0.038300	0.002800	0.002900	0.001600	0.000900	0.000200	0.000000	0.006800	0.000600
13	0.416500	0.510600	0.049900	0.005100	0.004500	0.002200	0.000800	0.000200	0.000000	0.010200	0.000900
14	0.303400	0.598900	0.063300	0.006300	0.007400	0.003700	0.001400	0.000200	0.000000	0.015400	0.000800
15	0.211800	0.663100	0.076600	0.008700	0.009200	0.004700	0.002300	0.000200	0.000000	0.023400	0.001400
16	0.140500	0.704000	0.093900	0.009700	0.010200	0.006100	0.001900	0.000100	0.000000	0.033600	0.002400
17	0.086700	0.725300	0.107600	0.012200	0.013100	0.007400	0.002300	0.000200	0.000000	0.045200	0.001700
18	0.056600	0.722900	0.117200	0.014400	0.014700	0.008800	0.002900	0.000200	0.000000	0.062300	0.002300
19	0.037200	0.712200	0.117100	0.018400	0.017200	0.011100	0.004600	0.000200	0.000000	0.082000	0.002900
20	0.029500	0.692000	0.116900	0.017000	0.020200	0.012000	0.004400	0.000200	0.000000	0.107800	0.004600
21	0.024200	0.667500	0.114800	0.020300	0.020100	0.015900	0.004400	0.000100	0.000000	0.132700	0.004500
22	0.022100	0.639000	0.107800	0.023100	0.020800	0.018500	0.005300	0.000200	0.000000	0.163200	0.004300
23	0.021100	0.610300	0.097200	0.022800	0.021500	0.020700	0.006500	0.000200	0.000000	0.199700	0.005300
24	0.022100	0.577200	0.090900	0.023300	0.019000	0.023700	0.006300	0.000200	0.000000	0.237300	0.006300
25	0.021300	0.548000	0.080300	0.023500	0.019500	0.026300	0.007100	0.000200	0.000000	0.273800	0.006300
26	0.022300	0.515700	0.071700	0.026400	0.018000	0.027200	0.007000	0.000100	0.000000	0.311600	0.007100
27	0.022400	0.483300	0.064900	0.023300	0.017300	0.028400	0.006400	0.000200	0.000000	0.353800	0.006900
28	0.022700	0.451500	0.055300	0.023800	0.015800	0.030600	0.006100	0.000100	0.000000	0.394100	0.006400
29	0.022400	0.421800	0.048900	0.020400	0.014100	0.031100	0.008100	0.000200	0.000000	0.433000	0.006000
30	0.023700	0.388600	0.049500	0.019900	0.013300	0.030100	0.006100	0.000200	0.000000	0.468600	0.007900
31	0.022900	0.359800	0.043000	0.019600	0.013700	0.029400	0.008300	0.000200	0.000000	0.503100	0.006000
32	0.026300	0.329400	0.040600	0.018900	0.012000	0.026800	0.007200	0.000200	0.000000	0.538600	0.008200
33	0.026900	0.302300	0.038100	0.016500	0.013500	0.025800	0.006900	0.000200	0.000000	0.569800	0.007200
34	0.026900	0.272700	0.040700	0.016700	0.010100	0.024700	0.006500	0.000200	0.000000	0.601500	0.006900
35	0.027300	0.240900	0.043400	0.017900	0.011900	0.020200	0.008100	0.000200	0.000000	0.630100	0.006500
36	0.029400	0.213400	0.039400	0.019100	0.011600	0.019600	0.006500	0.000200	0.000000	0.660800	0.008100
37	0.028000	0.188200	0.039500	0.017000	0.010000	0.016400	0.006300	0.000200	0.000000	0.694400	0.006400
38	0.027400	0.167000	0.034200	0.016900	0.010600	0.013900	0.006900	0.000200	0.000000	0.722900	0.006300
39	0.027900	0.149500	0.030400	0.013200	0.009800	0.011000	0.006200	0.000200	0.000000	0.751800	0.006900
40	0.028700	0.133800	0.026600	0.011300	0.008100	0.010000	0.005200	0.000200	0.000000	0.776100	0.006200
41	0.027700	0.122900	0.022500	0.009400	0.007700	0.007900	0.004800	0.000200	0.000000	0.796900	0.005100
42	0.028600	0.112300	0.019500	0.008300	0.005400	0.006500	0.004300	0.000200	0.000000	0.814900	0.004800
43	0.028900	0.105500	0.015800	0.006800	0.005300	0.005900	0.002700	0.000200	0.000000	0.828900	0.004300
44	0.026900	0.101400	0.014300	0.005600	0.003300	0.004100	0.002300	0.000200	0.000000	0.841900	0.002700
45	0.025100	0.097800	0.013300	0.004900	0.002800	0.004100	0.001600	0.000200	0.000000	0.850200	0.002300
46	0.024400	0.093400	0.012500	0.003800	0.003100	0.003500	0.001400	0.000100	0.000000	0.857800	0.001600
47	0.022800	0.091600	0.010500	0.003800	0.002400	0.003400	0.001200	0.000200	0.000000	0.864100	0.001300
48	0.022200	0.088400	0.009700	0.002700	0.002300	0.003400	0.001300	0.000100	0.000000	0.869900	0.001200
49	0.021800	0.085500	0.008600	0.003600	0.002200	0.002900	0.000700	0.000100	0.000000	0.874600	0.001200
50	0.021100	0.081500	0.008600	0.002700	0.002800	0.002800	0.000800	0.000200	0.000000	0.879500	0.000600
51	0.020100	0.078200	0.007700	0.003100	0.002600	0.002700	0.000600	0.000200	0.000000	0.884800	0.000800
52	0.019400	0.075500	0.006000	0.002900	0.001700	0.003500	0.000900	0.000200	0.000000	0.889900	0.000600
53	0.019200	0.071800	0.006600	0.001300	0.002500	0.002700	0.000800	0.000200	0.000000	0.894900	0.000900
54	0.019200	0.068600	0.005600	0.002800	0.001200	0.002700	0.001400	0.000200	0.000000	0.898300	0.000800
55	0.019300	0.064800	0.006600	0.002200	0.001600	0.002700	0.000700	0.000200	0.000000	0.901900	0.001400
56	0.019000	0.061500	0.005800	0.002500	0.001600	0.003000	0.001100	0.000200	0.000000	0.905300	0.000700
57	0.018900	0.058300	0.005900	0.002600	0.001900	0.002300	0.000600	0.000200	0.000000	0.909300	0.001100
58	0.018800	0.055700	0.005000	0.002300	0.001300	0.002800	0.000400	0.000200	0.000000	0.913500	0.000600
59	0.018500	0.052300	0.006100	0.001700	0.001300	0.001800	0.000500	0.000200	0.000000	0.917600	0.000400
60	0.018500	0.049500	0.004700	0.002500	0.001700	0.002200	0.000600	0.000200	0.000000	0.920100	0.000500
61	0.018500	0.047900	0.003800	0.001600	0.000900	0.002700	0.000600	0.000200	0.000000	0.923800	0.000600
62	0.018400	0.046200	0.003600	0.001500	0.000800	0.002100	0.000600	0.000200	0.000000	0.926600	0.000600
63	0.018200	0.044500	0.003800	0.001500	0.000700	0.001300	0.000900	0.000200	0.000000	0.928900	0.000600
64	0.018400	0.042900	0.003500	0.001300	0.001000	0.001100	0.000400	0.000200	0.000000	0.931200	0.000900
65	0.018700	0.040200	0.003900	0.001400	0.000700	0.001200	0.000300	0.000200	0.000000	0.933400	0.000400
66	0.018700	0.038100	0.003100	0.001000	0.001400	0.001200	0.000800	0.000200	0.000000	0.935500	0.000300
67	0.019200	0.037000	0.002000	0.001400	0.000700	0.001200	0.000200	0.000200	0.000000	0.938100	0.000800
68	0.019200	0.035400	0.002600	0.000500	0.000500	0.001000	0.000400	0.000200	0.000000	0.940200	0.000200
69	0.019100	0.034700	0.001900	0.000900	0.000600	0.000900	0.000400	0.000200	0.000000	0.941300	0.000400
70	0.019000	0.034300	0.001400	0.000600	0.000500	0.001000	0.000300	0.000200	0.000000	0.942700	0.000400
71	0.018700	0.033700	0.001500	0.000500	0.000300	0.000500	0.000700	0.000200	0.000000	0.943900	0.000300
72	0.019300	0.032900	0.001300	0.000600	0.000400	0.000400	0.000100	0.000200	0.000000	0.944800	0.000700
73	0.018900	0.032500	0.001400	0.000300	0.000400	0.000300	0.000300	0.000200	0.000000	0.945700	0.000100
74	0.019000	0.032200	0.000700	0.000900	0.000200	0.000400	0.000000	0.000200	0.000000	0.946400	0.000300
75	0.019000	0.032000	0.000300	0.000300	0.000200	0.000400	0.000200	0.000200	0.000000	0.947400	0.000000
76	0.019200	0.031000	0.001100	0.000000	0.000100	0.000400	0.000100	0.000200	0.000000	0.947900	0.000200
77	0.019100	0.030200	0.001300	0.000500	0.000300	0.000200	0.000100	0.000200	0.000000	0.948100	0.000100
78	0.018800	0.030000	0.000900	0.000500	0.000200	0.000500	0.000100	0.000200	0.000000	0.948800	0.000100
79	0.018800	0.029500	0.000900	0.000300	0.000100	0.000300	0.000200	0.000200	0.000000	0.949700	0.000100
80	0.019100	0.028900	0.000900	0.000100	0.000400	0.000200	0.000200	0.000100	0.000000	0.950100	0.000300
81	0.019100	0.028000	0.001200	0.000600	0.000100	0.000200	0.000000	0.000200	0.000000	0.950600	0.000100
82	0.019000	0.027400	0.001000	0.000500	0.000300	0.000100	0.000200	0.000200	0.000000	0.951300	0.000000
83	0.018900	0.027200	0.000800	0.000400	0.000000	0.000400	0.000100	0.000100	0.000000	0.952100	0.000200
84	0.018800	0.027200	0.000300	0.000400	0.000200	0.000200	0.000100	0.000200	0.000000	0.952600	0.000000
85	0.018900	0.026800	0.000500	0.000100	0.000100	0.000100	0.000000	0.000200	0.000000	0.953300	0.000100
86	0.018800	0.026400	0.000600	0.000300	0.000100	0.000100	0.000000	0.000200	0.000000	0.953500	0.000000
87	0.018800	0.025900	0.000500	0.000200	0.000300	0.000100	0.000100	0.000200	0.000000	0.953900	0.000000
88	0.018700	0.025800	0.000300	0.000300	0.000200	0.000100	0.000100	0.000200	0.000000	0.954300	0.000100
89	0.018700	0.025800	0.000200	0.000100	0.000200	0.000200	0.000000	0.000200	0.000000	0.954600	0.000100
90	0.018600	0.025700	0.000400	0.000000	0.000000	0.000200	0.000000	0.000100	0.000000	0.955000	0.000000
91	0.018500	0.025800	0.000200	0.000100	0.000000	0.000300	0.000000	0.000100	0.000000	0.955000	0.000000
92	0.018500	0.025800	0.000200	0.000000	0.000000	0.000300	0.000000	0.000000	0.000000	0.955200	0.000000
93	0.018400	0.025800	0.000300	0.000000	0.000000	0.000200	0.000000	0.000000	0.000000	0.955300	0.000000
94	0.018400	0.025700	0.000300	0.000000	0.000100	0.000200	0.000000	0.000000	0.000000	0.955300	0.000000
95	0.018400	0.025400	0.000500	0.000000	0.000000	0.000300	0.000000	0.000000	0.000000	0.955400	0.000000
96	0.018400	0.025300	0.000300	0.000200	0.000000	0.000300	0.000100	0.000000	0.000000	0.955400	0.000000
97	0.018200	0.025300	0.000300	0.000000	0.000100	0.000200	0.000200	0.000100	0.000000	0.955600	0.000000
98	0.018300	0.025100	0.000400	0.000100	0.000100	0.000100	0.000100	0.000100	0.000000	0.955700	0.000200
99	0.018200	0.025200	0.000200	0.000200	0.000000	0.000100	0.000000	0.000200	0.000000	0.955900	0.000000
100	0.018100	0.025200	0.000300	0.000000	0.000000	0.000100	0.000000	0.000100	0.000000	0.956200	0.000000
101	0.018100	0.025100	0.000200	0.000100	0.000000	0.000000	0.000100	0.000100	0.000000	0.956300	0.000000
102	0.018100	0.025000	0.000100	0.000100	0.000100	0.000000	0.000000	0.000200	0.000000	0.956400	0.000000
103	0.018100	0.024900	0.000100	0.000000	0.000100	0.000000	0.000000	0.000200	0.000000	0.956600	0.000000
104	0.018100	0.024900	0.000000	0.000100	0.000000	0.000000	0.000000	0.000200	0.000000	0.956700	0.000000
105	0.018100	0.024800	0.000100	0.000000	0.000000	0.000000	0.000000	0.000200	0.000000	0.956800	0.000000
106	0.018100	0.024800	0.000000	0.000000	0.000100	0.000000	0.000000	0.000200	0.000000	0.956800	0.000000
107	0.018100	0.024700	0.000100	0.000000	0.000000	0.000000	0.000000	0.000200	0.000000	0.956900	0.000000
108	0.018100	0.024600	0.000100	0.000100	0.000000	0.000000	0.000000	0.000200	0.000000	0.956900	0.000000
109	0.018100	0.024500	0.000100	0.000000	0.000100	0.000000	0.000000	0.000200	0.000000	0.957000	0.000000
110	0.018100	0.024400	0.000100	0.000000	0.000000	0.000100	0.000000	0.000200	0.000000	0.957100	0.000000
111	0.017900	0.024600	0.000000	0.000000	0.000000	0.000100	0.000000	0.000200	0.000000	0.957200	0.000000
112	0.017900	0.024300	0.000300	0.000000	0.000000	0.000100	0.000000	0.000200	0.000000	0.957200	0.000000
113	0.017700	0.024500	0.000100	0.000000	0.000000	0.000200	0.000100	0.000200	0.000000	0.957200	0.000000
114	0.017800	0.024300	0.000300	0.000000	0.000000	0.000100	0.000100	0.000200	0.000000	0.957200	0.000100
115	0.017900	0.024300	0.000200	0.000000	0.000100	0.000100	0.000000	0.000200	0.000000	0.957200	0.000100
116	0.017900	0.024300	0.000200	0.000000	0.000000	0.000100	0.000000	0.000200	0.000000	0.957300	0.000000
117	0.017800	0.024400	0.000200	0.000000	0.000000	0.000100	0.000000	0.000200	0.000000	0.957300	0.000000
118	0.017800	0.024400	0.000200	0.000000	0.000000	0.000100	0.000000	0.000200	0.000000	0.957300	0.000000
119	0.017700	0.024500	0.000200	0.000000	0.000000	0.000100	0.000000	0.000100	0.000000	0.957400	0.000000
120	0.017700	0.024500	0.000200	0.000000	0.000000	0.000100	0.000000	0.000100	0.000000	0.957400	0.000000
121	0.017700	0.024500	0.000200	0.000000	0.000000	0.000100	0.000000	0.000100	0.000000	0.957400	0.000000
122	0.017600	0.024600	0.000000	0.000100	0.000000	0.000200	0.000000	0.000100	0.000000	0.957400	0.000000
123	0.017600	0.024600	0.000000	0.000000	0.000000	0.000200	0.000000	0.000100	0.000000	0.957500	0.000000
124	0.017400	0.024800	0.000000	0.000000	0.000000	0.000200	0.000000	0.000100	0.000000	0.957500	0.000000
125	0.017400	0.024800	0.000000	0.000000	0.000000	0.000100	0.000100	0.000100	0.000000	0.957500	0.000000
126	0.017400	0.024800	0.000000	0.000000	0.000000	0.000100	0.000000	0.000200	0.000000	0.957500	0.000000
127	0.017400	0.024800	0.000000	0.000000	0.000000	0.000100	0.000000	0.000000	0.000000	0.957700	0.000000
128	0.017400	0.024800	0.000000	0.000000	0.000000	0.000100	0.000000	0.000000	0.000000	0.957700	0.000000
129	0.017400	0.024700	0.000100	0.000000	0.000000	0.000100	0.000000	0.000000	0.000000	0.957700	0.000000
130	0.017300	0.024800	0.000100	0.000000	0.000000	0.000100	0.000000	0.000000	0.000000	0.957700	0.000000
131	0.017300	0.024800	0.000100	0.000000	0.000000	0.000100	0.000000	0.000000	0.000000	0.957700	0.000000
132	0.017300	0.024800	0.000100	0.000000	0.000000	0.000100	0.000000	0.000000	0.000000	0.957700	0.000000
133	0.017300	0.024800	0.000100	0.000000	0.000000	0.000100	0.000000	0.000000	0.000000	0.957700	0.000000
134	0.017300	0.024800	0.000000	0.000100	0.000000	0.000000	0.000000	0.000000	0.000000	0.957800	0.000000
135	0.017300	0.024800	0.000000	0.000000	0.000000	0.000000	0.000000	0.000000	0.000000	0.957900	0.000000
136	0.017300	0.024700	0.000100	0.000000	0.000000	0.000000	0.000000	0.000000	0.000000	0.957900	0.000000
137	0.017300	0.024700	0.000000	0.000000	0.000100	0.000000	0.000000	0.000000	0.000000	0.957900	0.000000
138	0.017300	0.024600	0.000100	0.000000	0.000000	0.000000	0.000000	0.000000	0.000000	0.958000	0.000000
139	0.017300	0.024600	0.000000	0.000100	0.000000	0.000000	0.000000	0.000000	0.000000	0.958000	0.000000
140	0.017300	0.024600	0.000000	0.000000	0.000000	0.000000	0.000000	0.000000	0.000000	0.958100	0.000000
141	0.017300	0.024600	0.000000	0.000000	0.000000	0.000000	0.000000	0.000000	0.000000	0.958100	0.000000
142	0.017300	0.024400	0.000200	0.000000	0.000000	0.000000	0.000000	0.000000	0.000000	0.958100	0.000000
143	0.017300	0.024400	0.000000	0.000200	0.000000	0.000000	0.000000	0.000000	0.000000	0.958100	0.000000
144	0.017300	0.024400	0.000000	0.000000	0.000000	0.000000	0.000000	0.000000	0.000000	0.958300	0.000000
145	0.017300	0.024400	0.000000	0.000000	0.000000	0.000000	0.000000	0.000000	0.000000	0.958300	0.000000
146	0.017300	0.024400	0.000000	0.000000	0.000000	0.000000	0.000000	0.000000	0.000000	0.958300	0.000000
147	0.017300	0.024400	0.000000	0.000000	0.000000	0.000000	0.000000	0.000000	0.000000	0.958300	0.000000
148	0.017300	0.024300	0.000100	0.000000	0.000000	0.000000	0.000000	0.000000	0.000000	0.958300	0.000000
149	0.017300	0.024300	0.000000	0.000100	0.000000	0.000000	0.000000	0.000000	0.000000	0.958300	0.000000
150	0.017300	0.024300	0.000000	0.000000	0.000000	0.000000	0.000000	0.000000	0.000000	0.958400	0.000000
151	0.017300	0.024300	0.000000	0.000000	0.000000	0.000000	0.000000	0.000000	0.000000	0.958400	0.000000
152	0.017300	0.024300	0.000000	0.000000	0.000000	0.000000	0.000000	0.000000	0.000000	0.958400	0.000000
153	0.017300	0.024300	0.000000	0.000000	0.000000	0.000000	0.000000	0.000000	0.000000	0.958400	0.000000
154	0.017300	0.024300	0.000000	0.000000	0.000000	0.000000	0.000000	0.000000	0.000000	0.958400	0.000000
155	0.017300	0.024300	0.000000	0.000000	0.000000	0.000000	0.000000	0.000000	0.000000	0.958400	0.000000
156	0.017300	0.024300	0.000000	0.000000	0.000000	0.000000	0.000000	0.000000	0.000000	0.958400	0.000000
157	0.017300	0.024300	0.000000	0.000000	0.000000	0.000000	0.000000	0.000000	0.000000	0.958400	0.000000
158	0.017300	0.024300	0.000000	0.000000	0.000000	0.000000	0.000000	0.000000	0.000000	0.958400	0.000000
159	0.017300	0.024300	0.000000	0.000000	0.000000	0.000000	0.000000	0.000000	0.000000	0.958400	0.000000
160	0.017300	0.024300	0.000000	0.000000	0.000000	0.000000	0.000000	0.000000	0.000000	0.958400	0.000000
161	0.017300	0.024300	0.000000	0.000000	0.000000	0.000000	0.000000	0.000000	0.000000	0.958400	0.000000
162	0.017300	0.024300	0.000000	0.000000	0.000000	0.000000	0.000000	0.000000	0.000000	0.958400	0.000000
163	0.017300	0.024300	0.000000	0.000000	0.000000	0.000000	0.000000	0.000000	0.000000	0.958400	0.000000
164	0.017300	0.024300	0.000000	0.000000	0.000000	0.000000	0.000000	0.000000	0.000000	0.958400	0.000000
165	0.017300	0.024300	0.000000	0.000000	0.000000	0.000000	0.000000	0.000000	0.000000	0.958400	0.000000
166	0.017300	0.024300	0.000000	0.000000	0.000000	0.000000	0.000000	0.000000	0.000000	0.958400	0.000000
167	0.017300	0.024300	0.000000	0.000000	0.000000	0.000000	0.000000	0.000000	0.000000	0.958400	0.000000
168	0.017300	0.024300	0.000000	0.000000	0.000000	0.000000	0.000000	0.000000	0.000000	0.958400	0.000000
169	0.017300	0.024300	0.000000	0.000000	0.000000	0.000000	0.000000	0.000000	0.000000	0.958400	0.000000
170	0.017300	0.024300	0.000000	0.000000	0.000000	0.000000	0.000000	0.000000	0.000000	0.958400	0.000000
171	0.017300	0.024300	0.000000	0.000000	0.000000	0.000000	0.000000	0.000000	0.000000	0.958400	0.000000
172	0.017300	0.024300	0.000000	0.000000	0.000000	0.000000	0.000000	0.000000	0.000000	0.958400	0.000000
173	0.017300	0.024300	0.000000	0.000000	0.000000	0.000000	0.000000	0.000000	0.000000	0.958400	0.000000
174	0.017300	0.024300	0.000000	0.000000	0.000000	0.000000	0.000000	0.000000	0.000000	0.958400	0.000000
175	0.017300	0.024300	0.000000	0.000000	0.000000	0.000000	0.000000	0.000000	0.000000	0.958400	0.000000
176	0.017300	0.024300	0.000000	0.000000	0.000000	0.000000	0.000000	0.000000	0.000000	0.958400	0.000000
177	0.017300	0.024300	0.000000	0.000000	0.000000	0.000000	0.000000	0.000000	0.000000	0.958400	0.000000
178	0.017300	0.024300	0.000000	0.000000	0.000000	0.000000	0.000000	0.000000	0.000000	0.958400	0.000000
179	0.017300	0.024300	0.000000	0.000000	0.000000	0.000000	0.000000	0.000000	0.000000	0.958400	0.000000
180	0.017300	0.024300	0.000000	0.000000	0.000000	0.000000	0.000000	0.000000	0.000000	0.958400	0.000000
181	0.017300	0.024300	0.000000	0.000000	0.000000	0.000000	0.000000	0.000000	0.000000	0.958400	0.000000
182	0.017300	0.024300	0.000000	0.000000	0.000000	0.000000	0.000000	0.000000	0.000000	0.958400	0.000000
183	0.017300	0.024300	0.000000	0.000000	0.000000	0.000000	0.000000	0.000000	0.000000	0.958400	0.000000
184	0.017300	0.024300	0.000000	0.000000	0.000000	0.000000	0.000000	0.000000	0.000000	0.958400	0.000000
185	0.017300	0.024300	0.000000	0.000000	0.000000	0.000000	0.000000	0.000000	0.000000	0.958400	0.000000
186	0.017300	0.024300	0.000000	0.000000	0.000000	0.000000	0.000000	0.000000	0.000000	0.958400	0.000000
187	0.017300	0.024300	0.000000	0.000000	0.000000	0.000000	0.000000	0.000000	0.000000	0.958400	0.000000
188	0.017300	0.024300	0.000000	0.000000	0.000000	0.000000	0.000000	0.000000	0.000000	0.958400	0.000000
189	0.017300	0.024300	0.000000	0.000000	0.000000	0.000000	0.000000	0.000000	0.000000	0.958400	0.000000
190	0.017300	0.024300	0.000000	0.000000	0.000000	0.000000	0.000000	0.000000	0.000000	0.958400	0.000000
191	0.017300	0.024300	0.000000	0.000000	0.000000	0.000000	0.000000	0.000000	0.000000	0.958400	0.000000
192	0.017300	0.024300	0.000000	0.000000	0.000000	0.000000	0.000000	0.000000	0.000000	0.958400	0.000000
193	0.017300	0.024300	0.000000	0.000000	0.000000	0.000000	0.000000	0.000000	0.000000	0.958400	0.000000
194	0.017300	0.024300	0.000000	0.000000	0.000000	0.000000	0.000000	0.000000	0.000000	0.958400	0.000000
195	0.017300	0.024300	0.000000	0.000000	0.000000	0.000000	0.000000	0.000000	0.000000	0.958400	0.000000
196	0.017300	0.024300	0.000000	0.000000	0.000000	0.000000	0.000000	0.000000	0.000000	0.958400	0.000000
197	0.017300	0.024300	0.000000	0.000000	0.000000	0.000000	0.000000	0.000000	0.000000	0.958400	0.000000
198	0.017300	0.024300	0.000000	0.000000	0.000000	0.000000	0.000000	0.000000	0.000000	0.958400	0.000000
199	0.017300	0.024300	0.000000	0.000000	0.000000	0.000000	0.000000	0.000000	0.000000	0.958400	0.000000
200	0.017300	0.024300	0.000000	0.000000	0.000000	0.000000	0.000000	0.000000	0.000000	0.958400	0.000000
0	0.978331	0.009517	0.001339	0.000284	0.000242	0.000272	0.000078	0.000001	0.000000	0.009937	0.000078
1	0.999999	0.000001	0.000000	0.000000	0.000000	0.000000	0.000000	0.000000	0.000000	0.000000	0.000000
2	0.999999	0.000001	0.000000	0.000000	0.000000	0.000000	0.000000	0.000000	0.000000	0.000000	0.000000
3	0.999998	0.000001	0.000000	0.000000	0.000000	0.000000	0.000000	0.000000	0.000000	0.000000	0.000000
4	0.999998	0.000001	0.000000	0.000000	0.000000	0.000000	0.000000	0.000000	0.000000	0.000000	0.000000
5	0.999998	0.000002	0.000000	0.000000	0.000000	0.000000	0.000000	0.000000	0.000000	0.000000	0.000000
6	0.999997	0.000002	0.000000	0.000000	0.000000	0.000000	0.000000	0.000000	0.000000	0.000000	0.000000
7	0.999997	0.000002	0.000000	0.000000	0.000000	0.000000	0.000000	0.000000	0.000000	0.000000	0.000000
8	0.999997	0.000002	0.000000	0.000000	0.000000	0.000000	0.000000	0.000000	0.000000	0.000000	0.000000
9	0.999997	0.000002	0.000000	0.000000	0.000000	0.000000	0.000000	0.000000	0.000000	0.000000	0.000000
10	0.999997	0.000002	0.000001	0.000000	0.000000	0.000000	0.000000	0.000000	0.000000	0.000000	0.000000
11	0.999996	0.000003	0.000000	0.000000	0.000000	0.000000	0.000000	0.000000	0.000000	0.000000	0.000000
12	0.999996	0.000003	0.000000	0.000000	0.000000	0.000000	0.000000	0.000000	0.000000	0.000000	0.000000
13	0.999996	0.000003	0.000001	0.000000	0.000000	0.000000	0.000000	0.000000	0.000000	0.000000	0.000000
14	0.999996	0.000003	0.000000	0.000000	0.000000	0.000000	0.000000	0.000000	0.000000	0.000001	0.000000
15	0.999995	0.000003	0.000001	0.000000	0.000000	0.000000	0.000000	0.000000	0.000000	0.000001	0.000000
16	0.999995	0.000004	0.000001	0.000000	0.000000	0.000000	0.000000	0.000000	0.000000	0.000001	0.000000
17	0.999994	0.000004	0.000001	0.000000	0.000000	0.000000	0.000000	0.000000	0.000000	0.000001	0.000000
18	0.999994	0.000004	0.000000	0.000000	0.000000	0.000000	0.000000	0.000000	0.000000	0.000001	0.000000
19	0.999993	0.000004	0.000001	0.000000	0.000000	0.000000	0.000000	0.000000	0.000000	0.000002	0.000000
20	0.999993	0.000004	0.000001	0.000000	0.000000	0.000000	0.000000	0.000000	0.000000	0.000002	0.000000
21	0.999992	0.000005	0.000001	0.000000	0.000000	0.000000	0.000000	0.000000	0.000000	0.000002	0.000000
22	0.999991	0.000005	0.000001	0.000000	0.000000	0.000001	0.000000	0.000000	0.000000	0.000002	0.000000
23	0.999991	0.000005	0.000000	0.000000	0.000000	0.000000	0.000000	0.000000	0.000000	0.000003	0.000000
24	0.999990	0.000006	0.000001	0.000000	0.000000	0.000000	0.000000	0.000000	0.000000	0.000003	0.000000
25	0.999990	0.000006	0.000001	0.000000	0.000000	0.000000	0.000000	0.000000	0.000000	0.000003	0.000000
26	0.999989	0.000006	0.000001	0.000000	0.000000	0.000000	0.000000	0.000000	0.000000	0.000003	0.000000
27	0.999988	0.000007	0.000000	0.000000	0.000000	0.000000	0.000000	0.000000	0.000000	0.000004	0.000000
28	0.999987	0.000007	0.000001	0.000000	0.000000	0.000000	0.000000	0.000000	0.000000	0.000004	0.000000
29	0.999986	0.000008	0.000001	0.000000	0.000000	0.000000	0.000000	0.000000	0.000000	0.000004	0.000000
30	0.999985	0.000008	0.000001	0.000000	0.000000	0.000000	0.000000	0.000000	0.000000	0.000005	0.000000
31	0.999985	0.000008	0.000001	0.000000	0.000000	0.000000	0.000000	0.000000	0.000000	0.000005	0.000000
32	0.999984	0.000008	0.000001	0.000000	0.000000	0.000000	0.000000	0.000000	0.000000	0.000006	0.000000
33	0.999983	0.000008	0.000001	0.000000	0.000000	0.000000	0.000000	0.000000	0.000000	0.000006	0.000000
34	0.999982	0.000009	0.000001	0.000000	0.000000	0.000000	0.000000	0.000000	0.000000	0.000006	0.000000
35	0.999980	0.000010	0.000001	0.000000	0.000000	0.000000	0.000000	0.000000	0.000000	0.000007	0.000000
36	0.999979	0.000011	0.000001	0.000001	0.000000	0.000000	0.000000	0.000000	0.000000	0.000007	0.000000
37	0.999978	0.000011	0.000001	0.000000	0.000000	0.000000	0.000000	0.000000	0.000000	0.000008	0.000000
38	0.999978	0.000011	0.000002	0.000000	0.000000	0.000000	0.000000	0.000000	0.000000	0.000008	0.000000
39	0.999976	0.000012	0.000001	0.000000	0.000001	0.000000	0.000000	0.000000	0.000000	0.000009	0.000000
40	0.999974	0.000013	0.000002	0.000000	0.000000	0.000000	0.000000	0.000000	0.000000	0.000009	0.000000
41	0.999972	0.000013	0.000002	0.000000	0.000001	0.000000	0.000000	0.000001	0.000000	0.000010	0.000000
42	0.999971	0.000014	0.000001	0.000001	0.000001	0.000000	0.000000	0.000001	0.000000	0.000011	0.000000
43	0.999968	0.000016	0.000001	0.000000	0.000000	0.000000	0.000000	0.000001	0.000000	0.000012	0.000000
44	0.999967	0.000017	0.000001	0.000000	0.000000	0.000000	0.000000	0.000001	0.000000	0.000013	0.000000
45	0.999965	0.000017	0.000002	0.000000	0.000000	0.000000	0.000000	0.000001	0.000000	0.000014	0.000000
46	0.999963	0.000018	0.000002	0.000000	0.000001	0.000001	0.000000	0.000001	0.000000	0.000014	0.000000
47	0.999961	0.000019	0.000003	0.000000	0.000001	0.000000	0.000000	0.000001	0.000000	0.000015	0.000000
48	0.999957	0.000021	0.000004	0.000001	0.000001	0.000000	0.000000	0.000001	0.000000	0.000015	0.000000
49	0.999954	0.000022	0.000003	0.000001	0.000001	0.000001	0.000000	0.000001	0.000000	0.000017	0.000000
50	0.999952	0.000023	0.000004	0.000001	0.000000	0.000001	0.000000	0.000001	0.000000	0.000018	0.000000
51	0.999950	0.000024	0.000004	0.000001	0.000001	0.000001	0.000000	0.000001	0.000000	0.000019	0.000000
52	0.999946	0.000027	0.000004	0.000001	0.000001	0.000001	0.000000	0.000001	0.000000	0.000020	0.000000
53	0.999943	0.000029	0.000004	0.000001	0.000001	0.000001	0.000000	0.000001	0.000000	0.000021	0.000000
54	0.999940	0.000030	0.000004	0.000001	0.000001	0.000001	0.000000	0.000001	0.000000	0.000022	0.000000
55	0.999936	0.000032	0.000004	0.000001	0.000001	0.000001	0.000000	0.000001	0.000000	0.000024	0.000000
56	0.999933	0.000033	0.000004	0.000000	0.000001	0.000001	0.000000	0.000001	0.000000	0.000025	0.000000
57	0.999930	0.000035	0.000005	0.000001	0.000001	0.000001	0.000000	0.000001	0.000000	0.000027	0.000000
58	0.999925	0.000037	0.000004	0.000001	0.000001	0.000001	0.000000	0.000001	0.000000	0.000028	0.000000
59	0.999922	0.000039	0.000004	0.000001	0.000001	0.000002	0.000000	0.000001	0.000000	0.000030	0.000000
60	0.999917	0.000041	0.000005	0.000001	0.000001	0.000001	0.000000	0.000001	0.000000	0.000032	0.000000
61	0.999913	0.000043	0.000005	0.000001	0.000001	0.000001	0.000000	0.000001	0.000000	0.000034	0.000000
62	0.999909	0.000046	0.000005	0.000001	0.000001	0.000001	0.000000	0.000001	0.000000	0.000035	0.000000
63	0.999904	0.000048	0.000006	0.000001	0.000001	0.000001	0.000000	0.000001	0.000000	0.000037	0.000000
64	0.999899	0.000051	0.000006	0.000001	0.000001	0.000001	0.000000	0.000001	0.000000	0.000039	0.000000
65	0.999894	0.000053	0.000008	0.000001	0.000001	0.000002	0.000000	0.000001	0.000000	0.000041	0.000000
66	0.999889	0.000054	0.000007	0.000002	0.000002	0.000001	0.000001	0.000001	0.000000	0.000043	0.000000
67	0.999882	0.000058	0.000007	0.000002	0.000001	0.000001	0.000001	0.000001	0.000000	0.000046	0.000001
68	0.999878	0.000059	0.000009	0.000001	0.000001	0.000001	0.000001	0.000001	0.000000	0.000049	0.000001
69	0.999873	0.000060	0.000008	0.000002	0.000002	0.000002	0.000000	0.000001	0.000000	0.000051	0.000001
70	0.999866	0.000064	0.000010	0.000002	0.000001	0.000002	0.000000	0.000001	0.000000	0.000054	0.000000
71	0.999858	0.000067	0.000011	0.000002	0.000002	0.000002	0.000000	0.000001	0.000000	0.000057	0.000000
72	0.999851	0.000069	0.000011	0.000002	0.000002	0.000002	0.000001	0.000001	0.000000	0.000061	0.000000
73	0.999843	0.000073	0.000011	0.000002	0.000002	0.000002	0.000001	0.000001	0.000000	0.000064	0.000001
74	0.999835	0.000079	0.000010	0.000002	0.000003	0.000003	0.000000	0.000001	0.000000	0.000067	0.000001
75	0.999826	0.000083	0.000011	0.000002	0.000002	0.000003	0.000001	0.000001	0.000000	0.000072	0.000000
76	0.999815	0.000089	0.000010	0.000002	0.000003	0.000003	0.000001	0.000001	0.000000	0.000075	0.000001
77	0.999807	0.000094	0.000012	0.000002	0.000002	0.000003	0.000001	0.000001	0.000000	0.000079	0.000001
78	0.999799	0.000096	0.000013	0.000003	0.000002	0.000003	0.000001	0.000001	0.000000	0.000083	0.000001
79	0.999791	0.000099	0.000013	0.000003	0.000002	0.000003	0.000001	0.000001	0.000000	0.000087	0.000001
80	0.999779	0.000105	0.000014	0.000003	0.000003	0.000004	0.000001	0.000001	0.000000	0.000091	0.000001
81	0.999769	0.000110	0.000014	0.000003	0.000003	0.000004	0.000001	0.000001	0.000000	0.000096	0.000001
82	0.999759	0.000113	0.000016	0.000003	0.000002	0.000004	0.000001	0.000001	0.000000	0.000100	0.000001
83	0.999746	0.000120	0.000015	0.000003	0.000005	0.000004	0.000000	0.000001	0.000000	0.000105	0.000001
84	0.999731	0.000126	0.000017	0.000003	0.000004	0.000004	0.000001	0.000001	0.000000	0.000111	0.000000
85	0.999719	0.000131	0.000018	0.000004	0.000004	0.000005	0.000002	0.000001	0.000000	0.000117	0.000001
86	0.999706	0.000136	0.000020	0.000004	0.000005	0.000004	0.000001	0.000001	0.000000	0.000124	0.000001
87	0.999689	0.000145	0.000020	0.000004	0.000004	0.000006	0.000001	0.000001	0.000000	0.000131	0.000001
88	0.999676	0.000150	0.000020	0.000004	0.000004	0.000005	0.000002	0.000001	0.000000	0.000137	0.000001
89	0.999661	0.000157	0.000022	0.000004	0.000004	0.000005	0.000001	0.000001	0.000000	0.000144	0.000002
90	0.999643	0.000167	0.000023	0.000006	0.000004	0.000005	0.000001	0.000001	0.000000	0.000151	0.000001
91	0.999623	0.000176	0.000024	0.000004	0.000005	0.000006	0.000001	0.000001	0.000000	0.000160	0.000001
92	0.999607	0.000181	0.000027	0.000006	0.000004	0.000006	0.000001	0.000001	0.000000	0.000168	0.000001
93	0.999587	0.000190	0.000028	0.000006	0.000005	0.000006	0.000001	0.000001	0.000000	0.000176	0.000001
94	0.999565	0.000201	0.000030	0.000006	0.000006	0.000005	0.000001	0.000001	0.000000	0.000186	0.000001
95	0.999542	0.000212	0.000032	0.000006	0.000006	0.000005	0.000002	0.000001	0.000000	0.000195	0.000001
96	0.999519	0.000224	0.000033	0.000008	0.000006	0.000005	0.000001	0.000001	0.000000	0.000204	0.000002
97	0.999497	0.000233	0.000035	0.000007	0.000005	0.000006	0.000002	0.000001	0.000000	0.000214	0.000001
98	0.999472	0.000244	0.000036	0.000007	0.000008	0.000005	0.000001	0.000001	0.000000	0.000225	0.000001
99	0.999446	0.000256	0.000037	0.000007	0.000007	0.000007	0.000002	0.000001	0.000000	0.000237	0.000001
100	0.999417	0.000269	0.000039	0.000007	0.000008	0.000007	0.000002	0.000001	0.000000	0.000249	0.000002
101	0.999387	0.000282	0.000044	0.000008	0.000007	0.000006	0.000002	0.000001	0.000000	0.000262	0.000002
102	0.999352	0.000301	0.000044	0.000010	0.000010	0.000006	0.000003	0.000001	0.000000	0.000273	0.000002
103	0.999320	0.000317	0.000043	0.000011	0.000009	0.000007	0.000002	0.000001	0.000000	0.000289	0.000003
104	0.999291	0.000329	0.000046	0.000008	0.000009	0.000007	0.000003	0.000001	0.000000	0.000306	0.000002
105	0.999257	0.000344	0.000048	0.000011	0.000010	0.000007	0.000003	0.000001	0.000000	0.000319	0.000003
106	0.999222	0.000362	0.000047	0.000012	0.000010	0.000007	0.000002	0.000001	0.000000	0.000336	0.000003
107	0.999186	0.000376	0.000053	0.000010	0.000009	0.000009	0.000002	0.000001	0.000000	0.000353	0.000002
108	0.999149	0.000391	0.000054	0.000013	0.000011	0.000009	0.000003	0.000001	0.000000	0.000369	0.000002
109	0.999108	0.000409	0.000057	0.000011	0.000011	0.000010	0.000004	0.000001	0.000000	0.000388	0.000003
110	0.999067	0.000428	0.000061	0.000013	0.000011	0.000010	0.000003	0.000001	0.000000	0.000406	0.000004
111	0.999021	0.000447	0.000066	0.000013	0.000013	0.000012	0.000003	0.000001	0.000000	0.000425	0.000003
112	0.998973	0.000468	0.000067	0.000013	0.000013	0.000013	0.000005	0.000001	0.000000	0.000446	0.000003
113	0.998924	0.000490	0.000071	0.000015	0.000012	0.000015	0.000004	0.000001	0.000000	0.000468	0.000004
114	0.998873	0.000512	0.000077	0.000015	0.000013	0.000014	0.000004	0.000001	0.000000	0.000491	0.000004
115	0.998817	0.000536	0.000082	0.000017	0.000013	0.000016	0.000004	0.000001	0.000000	0.000513	0.000004
116	0.998759	0.000563	0.000081	0.000020	0.000016	0.000016	0.000005	0.000001	0.000000	0.000540	0.000004
117	0.998700	0.000589	0.000087	0.000017	0.000015	0.000015	0.000005	0.000001	0.000000	0.000571	0.000004
118	0.998639	0.000616	0.000091	0.000017	0.000017	0.000016	0.000005	0.000001	0.000000	0.000597	0.000005
119	0.998573	0.000647	0.000096	0.000019	0.000017	0.000017	0.000005	0.000001	0.000000	0.000625	0.000005
120	0.998502	0.000682	0.000097	0.000021	0.000018	0.000017	0.000006	0.000001	0.000000	0.000656	0.000005
121	0.998433	0.000715	0.000098	0.000023	0.000018	0.000018	0.000005	0.000001	0.000000	0.000690	0.000006
122	0.998366	0.000739	0.000108	0.000021	0.000017	0.000019	0.000007	0.000001	0.000000	0.000723	0.000005
123	0.998292	0.000772	0.000109	0.000024	0.000021	0.000022	0.000007	0.000001	0.000000	0.000752	0.000007
124	0.998207	0.000812	0.000117	0.000022	0.000021	0.000022	0.000008	0.000001	0.000000	0.000790	0.000007
125	0.998124	0.000855	0.000116	0.000025	0.000022	0.000024	0.000008	0.000001	0.000000	0.000825	0.000008
126	0.998039	0.000888	0.000129	0.000025	0.000019	0.000025	0.000007	0.000001	0.000000	0.000866	0.000007
127	0.997945	0.000929	0.000132	0.000028	0.000024	0.000029	0.000008	0.000001	0.000000	0.000904	0.000007
128	0.997846	0.000980	0.000131	0.000031	0.000023	0.000029	0.000009	0.000001	0.000000	0.000950	0.000008
129	0.997749	0.001026	0.000137	0.000029	0.000026	0.000029	0.000008	0.000001	0.000000	0.000994	0.000009
130	0.997650	0.001065	0.000149	0.000027	0.000026	0.000031	0.000008	0.000001	0.000000	0.001041	0.000008
131	0.997544	0.001111	0.000157	0.000036	0.000025	0.000030	0.000009	0.000001	0.000000	0.001087	0.000008
132	0.997429	0.001162	0.000164	0.000035	0.000028	0.000030	0.000011	0.000001	0.000000	0.001139	0.000009
133	0.997313	0.001216	0.000170	0.000036	0.000030	0.000032	0.000010	0.000001	0.000000	0.001193	0.000011
134	0.997192	0.001271	0.000173	0.000038	0.000032	0.000032	0.000011	0.000001	0.000000	0.001249	0.000010
135	0.997066	0.001322	0.000186	0.000037	0.000035	0.000035	0.000008	0.000001	0.000000	0.001309	0.000011
136	0.996928	0.001383	0.000193	0.000041	0.000036	0.000038	0.000011	0.000001	0.000000	0.001369	0.000008
137	0.996792	0.001439	0.000201	0.000041	0.000038	0.000039	0.000012	0.000001	0.000000	0.001437	0.000010
138	0.996648	0.001498	0.000212	0.000047	0.000037	0.000041	0.000013	0.000001	0.000000	0.001503	0.000012
139	0.996493	0.001572	0.000215	0.000047	0.000041	0.000043	0.000014	0.000001	0.000000	0.001574	0.000013
140	0.996337	0.001639	0.000224	0.000048	0.000043	0.000044	0.000014	0.000001	0.000000	0.001650	0.000014
141	0.996170	0.001715	0.000231	0.000050	0.000044	0.000047	0.000014	0.000001	0.000000	0.001727	0.000013
142	0.995998	0.001791	0.000239	0.000056	0.000045	0.000049	0.000016	0.000001	0.000000	0.001806	0.000014
143	0.995820	0.001867	0.000255	0.000053	0.000048	0.000051	0.000015	0.000001	0.000000	0.001891	0.000015
144	0.995628	0.001951	0.000269	0.000060	0.000047	0.000050	0.000016	0.000001	0.000000	0.001977	0.000015
145	0.995433	0.002028	0.000290	0.000055	0.000054	0.000053	0.000016	0.000001	0.000000	0.002070	0.000016
146	0.995216	0.002127	0.000298	0.000066	0.000053	0.000060	0.000018	0.000001	0.000000	0.002162	0.000016
147	0.994991	0.002227	0.000314	0.000067	0.000056	0.000060	0.000020	0.000001	0.000000	0.002264	0.000018
148	0.994769	0.002326	0.000322	0.000070	0.000060	0.000061	0.000021	0.000001	0.000000	0.002370	0.000019
149	0.994540	0.002429	0.000333	0.000069	0.000062	0.000063	0.000022	0.000001	0.000000	0.002482	0.000020
150	0.994304	0.002527	0.000354	0.000073	0.000061	0.000067	0.000021	0.000001	0.000000	0.002590	0.000021
151	0.994054	0.002634	0.000375	0.000076	0.000063	0.000070	0.000022	0.000001	0.000000	0.002705	0.000021
152	0.993790	0.002742	0.000398	0.000081	0.000071	0.000071	0.000024	0.000001	0.000000	0.002822	0.000022
153	0.993519	0.002860	0.000406	0.000085	0.000074	0.000078	0.000025	0.000001	0.000000	0.002951	0.000024
154	0.993230	0.002982	0.000427	0.000092	0.000074	0.000082	0.000027	0.000001	0.000000	0.003084	0.000025
155	0.992919	0.003127	0.000439	0.000095	0.000083	0.000085	0.000026	0.000001	0.000000	0.003225	0.000027
156	0.992604	0.003266	0.000458	0.000096	0.000085	0.000091	0.000025	0.000001	0.000000	0.003374	0.000026
157	0.992269	0.003415	0.000480	0.000097	0.000085	0.000097	0.000028	0.000001	0.000000	0.003527	0.000025
158	0.991925	0.003563	0.000502	0.000109	0.000092	0.000100	0.000030	0.000001	0.000000	0.003678	0.000028
159	0.991570	0.003711	0.000527	0.000110	0.000098	0.000106	0.000032	0.000001	0.000000	0.003844	0.000030
160	0.991192	0.003875	0.000547	0.000117	0.000105	0.000112	0.000033	0.000001	0.000000	0.004017	0.000032
161	0.990779	0.004067	0.000570	0.000121	0.000105	0.000116	0.000035	0.000001	0.000000	0.004205	0.000033
162	0.990371	0.004246	0.000590	0.000126	0.000114	0.000121	0.000038	0.000001	0.000000	0.004394	0.000035
163	0.989939	0.004442	0.000615	0.000135	0.000118	0.000124	0.000035	0.000001	0.000000	0.004592	0.000037
164	0.989486	0.004638	0.000652	0.000138	0.000112	0.000129	0.000040	0.000001	0.000000	0.004803	0.000035
165	0.989022	0.004831	0.000687	0.000146	0.000131	0.000129	0.000039	0.000001	0.000000	0.005014	0.000040
166	0.988523	0.005059	0.000706	0.000154	0.000132	0.000138	0.000039	0.000001	0.000000	0.005248	0.000039
167	0.987997	0.005294	0.000745	0.000151	0.000133	0.000144	0.000044	0.000001	0.000000	0.005490	0.000038
168	0.987472	0.005519	0.000779	0.000163	0.000144	0.000148	0.000046	0.000001	0.000000	0.005728	0.000044
169	0.986903	0.005772	0.000814	0.000169	0.000148	0.000158	0.000050	0.000001	0.000000	0.005985	0.000045
170	0.986306	0.006036	0.000854	0.000178	0.000161	0.000163	0.000053	0.000001	0.000000	0.006248	0.000050
171	0.985687	0.006320	0.000880	0.000188	0.000162	0.000176	0.000055	0.000001	0.000000	0.006531	0.000052
172	0.985046	0.006601	0.000917	0.000200	0.000169	0.000186	0.000058	0.000001	0.000000	0.006821	0.000054
173	0.984376	0.006898	0.000959	0.000202	0.000181	0.000197	0.000059	0.000001	0.000000	0.007127	0.000058
174	0.983668	0.007212	0.001005	0.000211	0.000188	0.000205	0.000065	0.000001	0.000000	0.007445	0.000058
175	0.982929	0.007551	0.001054	0.000216	0.000196	0.000217	0.000063	0.000001	0.000000	0.007774	0.000064
176	0.982171	0.007894	0.001098	0.000229	0.000204	0.000224	0.000065	0.000001	0.000000	0.008114	0.000062
177	0.981376	0.008233	0.001167	0.000240	0.000205	0.000233	0.000070	0.000001	0.000000	0.008475	0.000064
178	0.980539	0.008604	0.001213	0.000254	0.000220	0.000247	0.000074	0.000001	0.000000	0.008849	0.000069
179	0.979665	0.008997	0.001265	0.000256	0.000238	0.000251	0.000080	0.000001	0.000000	0.009247	0.000073
180	0.978771	0.009389	0.001318	0.000284	0.000242	0.000261	0.000076	0.000001	0.000000	0.009657	0.000079
181	0.977828	0.009809	0.001359	0.000300	0.000246	0.000276	0.000081	0.000001	0.000000	0.010098	0.000075
182	0.976840	0.010233	0.001437	0.000297	0.000266	0.000283	0.000085	0.000001	0.000000	0.010557	0.000080
183	0.975808	0.010693	0.001491	0.000317	0.000280	0.000298	0.000089	0.000001	0.000000	0.011022	0.000084
184	0.974730	0.011152	0.001570	0.000333	0.000288	0.000310	0.000093	0.000001	0.000000	0.011522	0.000088
185	0.973598	0.011648	0.001628	0.000346	0.000312	0.000321	0.000098	0.000001	0.000000	0.012047	0.000093
186	0.972438	0.012150	0.001701	0.000355	0.000317	0.000337	0.000103	0.000001	0.000000	0.012598	0.000097
187	0.971217	0.012684	0.001764	0.000374	0.000330	0.000355	0.000110	0.000001	0.000000	0.013163	0.000102
188	0.969965	0.013238	0.001832	0.000391	0.000337	0.000368	0.000116	0.000001	0.000000	0.013752	0.000109
189	0.968669	0.013782	0.001934	0.000405	0.000351	0.000381	0.000115	0.000001	0.000000	0.014363	0.000115
190	0.967313	0.014360	0.002012	0.000424	0.000369	0.000397	0.000121	0.000001	0.000000	0.015002	0.000114
191	0.965884	0.014964	0.002105	0.000451	0.000380	0.000415	0.000122	0.000001	0.000000	0.015676	0.000120
192	0.964372	0.015606	0.002199	0.000460	0.000408	0.000443	0.000135	0.000001	0.000000	0.016375	0.000121
193	0.962827	0.016268	0.002273	0.000499	0.000425	0.000456	0.000142	0.000001	0.000000	0.017110	0.000134
194	0.961191	0.016980	0.002377	0.000508	0.000433	0.000481	0.000140	0.000001	0.000000	0.017888	0.000140
195	0.959501	0.017705	0.002472	0.000527	0.000465	0.000499	0.000152	0.000001	0.000000	0.018677	0.000139
196	0.957717	0.018488	0.002564	0.000554	0.000487	0.000521	0.000159	0.000001	0.000000	0.019509	0.000151
197	0.955903	0.019269	0.002659	0.000575	0.000496	0.000545	0.000166	0.000001	0.000000	0.020385	0.000157
198	0.954011	0.020070	0.002794	0.000590	0.000518	0.000561	0.000167	0.000001	0.000000	0.021288	0.000164
199	0.952062	0.020888	0.002920	0.000614	0.000539	0.000588	0.000170	0.000001	0.000000	0.022216	0.000166
200	0.950017	0.021735	0.003051	0.000650	0.000557	0.000613	0.000180	0.000001	0.000000	0.023195	0.000168
0	0.925507	0.034357	0.004796	0.000993	0.000878	0.000940	0.000280	0.001150	0.000070	0.031030	0.000182
1	0.999999	0.000001	0.000000	0.000000	0.000000	0.000000	0.000000	0.000000	0.000000	0.000000	0.000000
2	0.999999	0.000001	0.000000	0.000000	0.000000	0.000000	0.000000	0.000000	0.000000	0.000000	0.000000
3	0.999998	0.000001	0.000000	0.000000	0.000000	0.000000	0.000000	0.000000	0.000000	0.000000	0.000000
4	0.999998	0.000001	0.000000	0.000000	0.000000	0.000000	0.000000	0.000000	0.000000	0.000000	0.000000
5	0.999998	0.000002	0.000000	0.000000	0.000000	0.000000	0.000000	0.000000	0.000000	0.000000	0.000000
6	0.999997	0.000002	0.000000	0.000000	0.000000	0.000000	0.000000	0.000000	0.000000	0.000000	0.000000
7	0.999997	0.000002	0.000000	0.000000	0.000000	0.000000	0.000000	0.000000	0.000000	0.000000	0.000000
8	0.999997	0.000002	0.000000	0.000000	0.000000	0.000000	0.000000	0.000000	0.000000	0.000000	0.000000
9	0.999997	0.000002	0.000000	0.000000	0.000000	0.000000	0.000000	0.000000	0.000000	0.000000	0.000000
10	0.999997	0.000002	0.000001	0.000000	0.000000	0.000000	0.000000	0.000000	0.000000	0.000000	0.000000
11	0.999996	0.000003	0.000000	0.000000	0.000000	0.000000	0.000000	0.000000	0.000000	0.000000	0.000000
12	0.999996	0.000003	0.000000	0.000000	0.000000	0.000000	0.000000	0.000000	0.000000	0.000000	0.000000
13	0.999996	0.000003	0.000001	0.000000	0.000000	0.000000	0.000000	0.000000	0.000000	0.000000	0.000000
14	0.999996	0.000003	0.000000	0.000000	0.000000	0.000000	0.000000	0.000000	0.000000	0.000001	0.000000
15	0.999995	0.000003	0.000001	0.000000	0.000000	0.000000	0.000000	0.000000	0.000000	0.000001	0.000000
16	0.999995	0.000004	0.000001	0.000000	0.000000	0.000000	0.000000	0.000000	0.000000	0.000001	0.000000
17	0.999994	0.000004	0.000001	0.000000	0.000000	0.000000	0.000000	0.000000	0.000000	0.000001	0.000000
18	0.999994	0.000004	0.000000	0.000000	0.000000	0.000000	0.000000	0.000000	0.000000	0.000001	0.000000
19	0.999993	0.000004	0.000001	0.000000	0.000000	0.000000	0.000000	0.000000	0.000000	0.000002	0.000000
20	0.999993	0.000004	0.000001	0.000000	0.000000	0.000000	0.000000	0.000000	0.000000	0.000002	0.000000
21	0.999992	0.000005	0.000001	0.000000	0.000000	0.000000	0.000000	0.000000	0.000000	0.000002	0.000000
22	0.999991	0.000005	0.000001	0.000000	0.000000	0.000001	0.000000	0.000000	0.000000	0.000002	0.000000
23	0.999991	0.000005	0.000000	0.000000	0.000000	0.000000	0.000000	0.000000	0.000000	0.000003	0.000000
24	0.999990	0.000006	0.000001	0.000000	0.000000	0.000000	0.000000	0.000000	0.000000	0.000003	0.000000
25	0.999990	0.000006	0.000001	0.000000	0.000000	0.000000	0.000000	0.000000	0.000000	0.000003	0.000000
26	0.999989	0.000006	0.000001	0.000000	0.000000	0.000000	0.000000	0.000000	0.000000	0.000003	0.000000
27	0.999988	0.000007	0.000000	0.000000	0.000000	0.000000	0.000000	0.000000	0.000000	0.000004	0.000000
28	0.999987	0.000007	0.000001	0.000000	0.000000	0.000000	0.000000	0.000000	0.000000	0.000004	0.000000
29	0.999986	0.000008	0.000001	0.000000	0.000000	0.000000	0.000000	0.000000	0.000000	0.000004	0.000000
30	0.999985	0.000008	0.000001	0.000000	0.000000	0.000000	0.000000	0.000000	0.000000	0.000005	0.000000
31	0.999985	0.000008	0.000001	0.000000	0.000000	0.000000	0.000000	0.000000	0.000000	0.000005	0.000000
32	0.999984	0.000008	0.000001	0.000000	0.000000	0.000000	0.000000	0.000000	0.000000	0.000006	0.000000
33	0.999983	0.000008	0.000001	0.000000	0.000000	0.000000	0.000000	0.000000	0.000000	0.000006	0.000000
34	0.999982	0.000009	0.000001	0.000000	0.000000	0.000000	0.000000	0.000000	0.000000	0.000006	0.000000
35	0.999980	0.000010	0.000001	0.000000	0.000000	0.000000	0.000000	0.000000	0.000000	0.000007	0.000000
36	0.999979	0.000011	0.000001	0.000001	0.000000	0.000000	0.000000	0.000000	0.000000	0.000007	0.000000
37	0.999978	0.000011	0.000001	0.000000	0.000000	0.000000	0.000000	0.000000	0.000000	0.000008	0.000000
38	0.999978	0.000011	0.000002	0.000000	0.000000	0.000000	0.000000	0.000000	0.000000	0.000008	0.000000
39	0.999976	0.000012	0.000001	0.000000	0.000001	0.000000	0.000000	0.000000	0.000000	0.000009	0.000000
40	0.999974	0.000013	0.000002	0.000000	0.000000	0.000000	0.000000	0.000000	0.000000	0.000009	0.000000
41	0.999972	0.000013	0.000002	0.000000	0.000001	0.000000	0.000000	0.000001	0.000000	0.000010	0.000000
42	0.999971	0.000014	0.000001	0.000001	0.000001	0.000000	0.000000	0.000001	0.000000	0.000011	0.000000
43	0.999968	0.000016	0.000001	0.000000	0.000000	0.000000	0.000000	0.000001	0.000000	0.000012	0.000000
44	0.999967	0.000017	0.000001	0.000000	0.000000	0.000000	0.000000	0.000001	0.000000	0.000013	0.000000
45	0.999965	0.000017	0.000002	0.000000	0.000000	0.000000	0.000000	0.000001	0.000000	0.000014	0.000000
46	0.999963	0.000018	0.000002	0.000000	0.000001	0.000001	0.000000	0.000001	0.000000	0.000014	0.000000
47	0.999961	0.000019	0.000003	0.000000	0.000001	0.000000	0.000000	0.000001	0.000000	0.000015	0.000000
48	0.999957	0.000021	0.000004	0.000001	0.000001	0.000000	0.000000	0.000001	0.000000	0.000015	0.000000
49	0.999954	0.000022	0.000003	0.000001	0.000001	0.000001	0.000000	0.000001	0.000000	0.000017	0.000000
50	0.999952	0.000023	0.000004	0.000001	0.000000	0.000001	0.000000	0.000001	0.000000	0.000018	0.000000
51	0.999949	0.000024	0.000004	0.000001	0.000001	0.000001	0.000000	0.000001	0.000000	0.000019	0.000000
52	0.999945	0.000027	0.000004	0.000001	0.000001	0.000001	0.000000	0.000002	0.000000	0.000020	0.000000
53	0.999941	0.000029	0.000004	0.000001	0.000001	0.000001	0.000000	0.000002	0.000000	0.000021	0.000000
54	0.999938	0.000031	0.000004	0.000001	0.000001	0.000001	0.000000	0.000002	0.000000	0.000022	0.000000
55	0.999934	0.000033	0.000004	0.000001	0.000001	0.000001	0.000000	0.000002	0.000000	0.000024	0.000000
56	0.999931	0.000034	0.000004	0.000000	0.000001	0.000001	0.000000	0.000002	0.000000	0.000026	0.000000
57	0.999927	0.000036	0.000005	0.000001	0.000001	0.000001	0.000000	0.000002	0.000000	0.000027	0.000000
58	0.999922	0.000039	0.000004	0.000001	0.000001	0.000001	0.000000	0.000002	0.000000	0.000028	0.000000
59	0.999918	0.000042	0.000004	0.000001	0.000001	0.000002	0.000000	0.000003	0.000000	0.000030	0.000000
60	0.999913	0.000043	0.000005	0.000001	0.000001	0.000001	0.000000	0.000003	0.000000	0.000032	0.000000
61	0.999908	0.000047	0.000005	0.000001	0.000001	0.000001	0.000000	0.000003	0.000000	0.000034	0.000000
62	0.999902	0.000050	0.000005	0.000001	0.000001	0.000001	0.000000	0.000003	0.000000	0.000036	0.000000
63	0.999896	0.000053	0.000006	0.000001	0.000001	0.000001	0.000000	0.000003	0.000000	0.000038	0.000000
64	0.999891	0.000056	0.000007	0.000001	0.000001	0.000001	0.000000	0.000003	0.000000	0.000040	0.000000
65	0.999885	0.000058	0.000008	0.000001	0.000001	0.000002	0.000000	0.000003	0.000000	0.000042	0.000000
66	0.999879	0.000060	0.000008	0.000002	0.000002	0.000002	0.000001	0.000003	0.000000	0.000044	0.000000
67	0.999871	0.000064	0.000008	0.000002	0.000002	0.000002	0.000001	0.000004	0.000000	0.000047	0.000000
68	0.999864	0.000066	0.000010	0.000002	0.000001	0.000001	0.000001	0.000004	0.000000	0.000051	0.000000
69	0.999857	0.000069	0.000009	0.000002	0.000002	0.000002	0.000000	0.000005	0.000000	0.000053	0.000000
70	0.999848	0.000072	0.000011	0.000002	0.000002	0.000002	0.000001	0.000005	0.000000	0.000057	0.000000
71	0.999839	0.000077	0.000011	0.000002	0.000003	0.000002	0.000000	0.000005	0.000000	0.000060	0.000000
72	0.999830	0.000080	0.000013	0.000002	0.000002	0.000002	0.000001	0.000005	0.000000	0.000064	0.000000
73	0.999819	0.000086	0.000013	0.000002	0.000002	0.000003	0.000001	0.000005	0.000000	0.000068	0.000000
74	0.999806	0.000093	0.000012	0.000002	0.000003	0.000003	0.000000	0.000007	0.000000	0.000072	0.000000
75	0.999795	0.000098	0.000014	0.000003	0.000003	0.000003	0.000001	0.000007	0.000000	0.000077	0.000000
76	0.999780	0.000108	0.000013	0.000003	0.000004	0.000003	0.000001	0.000007	0.000000	0.000081	0.000000
77	0.999767	0.000115	0.000015	0.000002	0.000002	0.000003	0.000001	0.000008	0.000000	0.000087	0.000000
78	0.999754	0.000121	0.000016	0.000004	0.000002	0.000003	0.000001	0.000008	0.000000	0.000091	0.000000
79	0.999740	0.000127	0.000017	0.000003	0.000003	0.000003	0.000002	0.000009	0.000000	0.000096	0.000000
80	0.999722	0.000137	0.000018	0.000004	0.000003	0.000004	0.000001	0.000010	0.000000	0.000101	0.000000
81	0.999707	0.000145	0.000018	0.000004	0.000004	0.000004	0.000001	0.000010	0.000000	0.000107	0.000000
82	0.999690	0.000153	0.000021	0.000004	0.000003	0.000005	0.000001	0.000010	0.000000	0.000113	0.000000
83	0.999670	0.000163	0.000021	0.000004	0.000006	0.000005	0.000001	0.000010	0.000000	0.000120	0.000000
84	0.999650	0.000172	0.000023	0.000004	0.000004	0.000005	0.000002	0.000010	0.000000	0.000128	0.000000
85	0.999630	0.000181	0.000025	0.000005	0.000005	0.000006	0.000002	0.000011	0.000000	0.000136	0.000000
86	0.999608	0.000189	0.000027	0.000006	0.000006	0.000005	0.000001	0.000012	0.000001	0.000144	0.000000
87	0.999584	0.000203	0.000028	0.000004	0.000006	0.000006	0.000002	0.000012	0.000001	0.000155	0.000000
88	0.999562	0.000212	0.000030	0.000006	0.000006	0.000006	0.000002	0.000013	0.000001	0.000163	0.000000
89	0.999536	0.000225	0.000032	0.000006	0.000005	0.000006	0.000002	0.000013	0.000001	0.000174	0.000000
90	0.999505	0.000242	0.000033	0.000008	0.000005	0.000006	0.000002	0.000014	0.000001	0.000184	0.000000
91	0.999474	0.000257	0.000036	0.000006	0.000006	0.000007	0.000002	0.000015	0.000001	0.000196	0.000000
92	0.999444	0.000270	0.000040	0.000007	0.000006	0.000007	0.000002	0.000015	0.000001	0.000208	0.000000
93	0.999412	0.000286	0.000040	0.000009	0.000007	0.000007	0.000002	0.000016	0.000001	0.000221	0.000000
94	0.999378	0.000303	0.000044	0.000007	0.000007	0.000007	0.000002	0.000016	0.000001	0.000237	0.000000
95	0.999341	0.000322	0.000047	0.000008	0.000008	0.000007	0.000002	0.000016	0.000001	0.000249	0.000000
96	0.999305	0.000338	0.000050	0.000011	0.000007	0.000008	0.000002	0.000017	0.000001	0.000262	0.000000
97	0.999265	0.000357	0.000053	0.000010	0.000008	0.000009	0.000003	0.000017	0.000001	0.000279	0.000000
98	0.999222	0.000378	0.000055	0.000010	0.000010	0.000009	0.000003	0.000018	0.000001	0.000295	0.000000
99	0.999176	0.000399	0.000057	0.000011	0.000009	0.000010	0.000004	0.000019	0.000001	0.000313	0.000000
100	0.999124	0.000426	0.000058	0.000011	0.000013	0.000011	0.000004	0.000022	0.000001	0.000331	0.000000
101	0.999069	0.000452	0.000066	0.000011	0.000011	0.000011	0.000003	0.000023	0.000001	0.000351	0.000000
102	0.999012	0.000481	0.000066	0.000014	0.000015	0.000012	0.000004	0.000025	0.000001	0.000369	0.000000
103	0.998951	0.000512	0.000070	0.000016	0.000013	0.000012	0.000003	0.000028	0.000001	0.000395	0.000000
104	0.998895	0.000537	0.000074	0.000013	0.000013	0.000012	0.000004	0.000029	0.000001	0.000421	0.000000
105	0.998830	0.000568	0.000079	0.000016	0.000016	0.000012	0.000004	0.000031	0.000001	0.000443	0.000000
106	0.998763	0.000602	0.000078	0.000019	0.000016	0.000013	0.000004	0.000032	0.000002	0.000472	0.000000
107	0.998692	0.000635	0.000085	0.000016	0.000015	0.000015	0.000005	0.000033	0.000002	0.000502	0.000000
108	0.998618	0.000670	0.000090	0.000019	0.000017	0.000015	0.000004	0.000036	0.000002	0.000529	0.000000
109	0.998536	0.000708	0.000098	0.000018	0.000018	0.000016	0.000006	0.000038	0.000002	0.000560	0.000000
110	0.998450	0.000752	0.000101	0.000021	0.000019	0.000018	0.000005	0.000041	0.000002	0.000591	0.000000
111	0.998360	0.000793	0.000112	0.000020	0.000020	0.000019	0.000006	0.000043	0.000002	0.000625	0.000000
112	0.998268	0.000834	0.000117	0.000022	0.000022	0.000021	0.000007	0.000045	0.000002	0.000661	0.000000
113	0.998167	0.000881	0.000123	0.000025	0.000022	0.000023	0.000007	0.000048	0.000003	0.000701	0.000000
114	0.998057	0.000933	0.000133	0.000026	0.000024	0.000024	0.000006	0.000051	0.000002	0.000743	0.000000
115	0.997943	0.000987	0.000140	0.000028	0.000024	0.000027	0.000007	0.000053	0.000002	0.000788	0.000000
116	0.997821	0.001046	0.000144	0.000032	0.000026	0.000027	0.000008	0.000056	0.000002	0.000837	0.000000
117	0.997696	0.001102	0.000158	0.000031	0.000027	0.000027	0.000008	0.000060	0.000002	0.000889	0.000000
118	0.997567	0.001163	0.000164	0.000033	0.000029	0.000030	0.000008	0.000063	0.000003	0.000941	0.000000
119	0.997424	0.001235	0.000172	0.000034	0.000030	0.000032	0.000009	0.000066	0.000003	0.000995	0.000000
120	0.997269	0.001315	0.000176	0.000037	0.000035	0.000031	0.000012	0.000068	0.000003	0.001053	0.000000
121	0.997115	0.001388	0.000187	0.000039	0.000034	0.000034	0.000009	0.000075	0.000003	0.001116	0.000000
122	0.996956	0.001462	0.000200	0.000041	0.000032	0.000035	0.000012	0.000076	0.000003	0.001183	0.000000
123	0.996786	0.001543	0.000211	0.000041	0.000038	0.000038	0.000013	0.000082	0.000003	0.001246	0.000000
124	0.996598	0.001634	0.000222	0.000043	0.000042	0.000040	0.000013	0.000089	0.000003	0.001315	0.000000
125	0.996404	0.001727	0.000236	0.000046	0.000040	0.000042	0.000014	0.000093	0.000004	0.001394	0.000000
126	0.996196	0.001821	0.000258	0.000051	0.000040	0.000044	0.000013	0.000099	0.000004	0.001473	0.000000
127	0.995967	0.001929	0.000276	0.000056	0.000044	0.000048	0.000015	0.000104	0.000004	0.001557	0.000000
128	0.995723	0.002054	0.000281	0.000059	0.000051	0.000049	0.000017	0.000111	0.000004	0.001650	0.000000
129	0.995469	0.002184	0.000294	0.000059	0.000054	0.000052	0.000016	0.000118	0.000005	0.001750	0.000000
130	0.995221	0.002295	0.000315	0.000061	0.000054	0.000057	0.000016	0.000123	0.000005	0.001854	0.000000
131	0.994950	0.002420	0.000336	0.000070	0.000052	0.000060	0.000019	0.000129	0.000006	0.001959	0.000000
132	0.994664	0.002556	0.000351	0.000068	0.000061	0.000062	0.000022	0.000137	0.000006	0.002073	0.000001
133	0.994366	0.002697	0.000366	0.000072	0.000069	0.000067	0.000019	0.000147	0.000006	0.002192	0.000000
134	0.994046	0.002853	0.000384	0.000077	0.000071	0.000067	0.000022	0.000155	0.000006	0.002320	0.000000
135	0.993702	0.003011	0.000418	0.000080	0.000075	0.000070	0.000021	0.000163	0.000007	0.002454	0.000000
136	0.993340	0.003185	0.000438	0.000090	0.000079	0.000079	0.000020	0.000171	0.000008	0.002591	0.000000
137	0.992965	0.003358	0.000467	0.000092	0.000082	0.000082	0.000025	0.000178	0.000008	0.002744	0.000001
138	0.992574	0.003532	0.000498	0.000098	0.000087	0.000087	0.000028	0.000190	0.000009	0.002897	0.000000
139	0.992140	0.003753	0.000510	0.000108	0.000090	0.000096	0.000030	0.000204	0.000009	0.003060	0.000001
140	0.991703	0.003956	0.000545	0.000106	0.000094	0.000099	0.000029	0.000217	0.000010	0.003241	0.000001
141	0.991229	0.004178	0.000577	0.000114	0.000101	0.000105	0.000032	0.000231	0.000010	0.003421	0.000001
142	0.990722	0.004427	0.000602	0.000122	0.000109	0.000110	0.000036	0.000245	0.000011	0.003616	0.000000
143	0.990202	0.004671	0.000634	0.000128	0.000115	0.000117	0.000036	0.000263	0.000011	0.003823	0.000000
144	0.989658	0.004917	0.000681	0.000137	0.000116	0.000121	0.000037	0.000277	0.000012	0.004045	0.000001
145	0.989076	0.005184	0.000722	0.000139	0.000131	0.000128	0.000040	0.000293	0.000012	0.004274	0.000000
146	0.988459	0.005463	0.000773	0.000151	0.000130	0.000139	0.000040	0.000311	0.000013	0.004521	0.000001
147	0.987798	0.005769	0.000816	0.000163	0.000144	0.000144	0.000048	0.000326	0.000014	0.004777	0.000000
148	0.987099	0.006107	0.000848	0.000171	0.000151	0.000154	0.000049	0.000350	0.000014	0.005058	0.000001
149	0.986366	0.006449	0.000896	0.000178	0.000162	0.000162	0.000050	0.000368	0.000015	0.005353	0.000000
150	0.985582	0.006813	0.000962	0.000183	0.000168	0.000171	0.000056	0.000387	0.000015	0.005662	0.000001
151	0.984770	0.007186	0.001020	0.000205	0.000176	0.000180	0.000056	0.000409	0.000017	0.005981	0.000001
152	0.983898	0.007603	0.001069	0.000213	0.000194	0.000186	0.000061	0.000430	0.000019	0.006327	0.000001
153	0.982989	0.008030	0.001121	0.000224	0.000203	0.000201	0.000064	0.000457	0.000019	0.006693	0.000002
154	0.982019	0.008487	0.001186	0.000235	0.000214	0.000212	0.000066	0.000484	0.000020	0.007077	0.000001
155	0.981000	0.008970	0.001246	0.000251	0.000228	0.000224	0.000068	0.000509	0.000021	0.007482	0.000001
156	0.979926	0.009487	0.001313	0.000262	0.000238	0.000240	0.000068	0.000534	0.000024	0.007909	0.000001
157	0.978815	0.010007	0.001389	0.000277	0.000243	0.000253	0.000072	0.000558	0.000025	0.008361	0.000001
158	0.977627	0.010561	0.001472	0.000292	0.000262	0.000267	0.000079	0.000586	0.000027	0.008826	0.000002
159	0.976369	0.011143	0.001555	0.000319	0.000275	0.000282	0.000086	0.000619	0.000028	0.009324	0.000001
160	0.975048	0.011773	0.001611	0.000331	0.000298	0.000303	0.000095	0.000655	0.000030	0.009857	0.000001
161	0.973652	0.012420	0.001712	0.000340	0.000306	0.000317	0.000096	0.000695	0.000033	0.010430	0.000001
162	0.972207	0.013079	0.001807	0.000360	0.000326	0.000340	0.000101	0.000738	0.000034	0.011007	0.000001
163	0.970659	0.013813	0.001907	0.000377	0.000338	0.000351	0.000110	0.000777	0.000037	0.011632	0.000002
164	0.969028	0.014570	0.002021	0.000409	0.000351	0.000370	0.000114	0.000825	0.000039	0.012275	0.000002
165	0.967300	0.015388	0.002124	0.000434	0.000372	0.000390	0.000119	0.000872	0.000043	0.012959	0.000001
166	0.965501	0.016206	0.002260	0.000444	0.000400	0.000405	0.000124	0.000923	0.000044	0.013694	0.000003
167	0.963560	0.017127	0.002381	0.000479	0.000416	0.000435	0.000130	0.000972	0.000046	0.014454	0.000002
168	0.961536	0.018074	0.002508	0.000508	0.000446	0.000452	0.000138	0.001024	0.000047	0.015267	0.000003
169	0.959397	0.019067	0.002648	0.000530	0.000474	0.000480	0.000143	0.001081	0.000050	0.016129	0.000003
170	0.957159	0.020095	0.002778	0.000575	0.000503	0.000504	0.000156	0.001136	0.000052	0.017041	0.000003
171	0.954867	0.021169	0.002917	0.000597	0.000530	0.000535	0.000166	0.001149	0.000053	0.018016	0.000056
172	0.952495	0.022280	0.003067	0.000634	0.000550	0.000572	0.000173	0.001158	0.000055	0.019015	0.000079
173	0.950027	0.023411	0.003258	0.000654	0.000585	0.000608	0.000181	0.001157	0.000057	0.020062	0.000096
174	0.947438	0.024604	0.003433	0.000696	0.000615	0.000640	0.000194	0.001160	0.000060	0.021159	0.000102
175	0.944734	0.025887	0.003587	0.000723	0.000651	0.000679	0.000205	0.001151	0.000063	0.022319	0.000117
176	0.941946	0.027144	0.003802	0.000758	0.000674	0.000714	0.000216	0.001156	0.000065	0.023525	0.000120
177	0.939013	0.028469	0.004017	0.000799	0.000717	0.000757	0.000220	0.001155	0.000067	0.024785	0.000135
178	0.935941	0.029889	0.004169	0.000863	0.000760	0.000798	0.000245	0.001151	0.000067	0.026117	0.000139
179	0.932771	0.031290	0.004412	0.000892	0.000788	0.000837	0.000247	0.001154	0.000068	0.027543	0.000160
180	0.929461	0.032760	0.004599	0.000961	0.000841	0.000878	0.000266	0.001154	0.000069	0.029011	0.000165
181	0.926025	0.034293	0.004788	0.000997	0.000875	0.000931	0.000278	0.001146	0.000071	0.030594	0.000183
182	0.922453	0.035838	0.005027	0.001048	0.000907	0.000973	0.000300	0.001149	0.000071	0.032235	0.000190
183	0.918720	0.037482	0.005251	0.001093	0.000964	0.001025	0.000300	0.001150	0.000073	0.033941	0.000213
184	0.914865	0.039120	0.005508	0.001150	0.001001	0.001077	0.000324	0.001147	0.000074	0.035734	0.000215
185	0.910881	0.040820	0.005739	0.001205	0.001060	0.001135	0.000331	0.001147	0.000073	0.037609	0.000236
186	0.906729	0.042561	0.006002	0.001258	0.001097	0.001186	0.000359	0.001144	0.000073	0.039592	0.000243
187	0.902395	0.044402	0.006240	0.001319	0.001168	0.001242	0.000369	0.001146	0.000074	0.041645	0.000267
188	0.897951	0.046250	0.006503	0.001372	0.001198	0.001292	0.000397	0.001139	0.000075	0.043822	0.000280
189	0.893328	0.048138	0.006829	0.001433	0.001248	0.001347	0.000392	0.001148	0.000076	0.046061	0.000299
190	0.888496	0.050124	0.007092	0.001523	0.001322	0.001396	0.000430	0.001142	0.000077	0.048400	0.000304
191	0.883492	0.052197	0.007371	0.001570	0.001354	0.001471	0.000442	0.001142	0.000077	0.050882	0.000335
192	0.878343	0.054233	0.007722	0.001614	0.001427	0.001541	0.000469	0.001143	0.000078	0.053431	0.000348
193	0.873020	0.056396	0.007966	0.001708	0.001501	0.001624	0.000495	0.001142	0.000078	0.056071	0.000376
194	0.867500	0.058630	0.008302	0.001744	0.001538	0.001682	0.000519	0.001145	0.000080	0.058862	0.000398
195	0.861868	0.060829	0.008659	0.001818	0.001618	0.001754	0.000529	0.001141	0.000082	0.061703	0.000427
196	0.856001	0.063119	0.008996	0.001922	0.001684	0.001827	0.000547	0.001139	0.000082	0.064682	0.000432
197	0.849983	0.065441	0.009301	0.002002	0.001759	0.001912	0.000569	0.001138	0.000083	0.067813	0.000450
198	0.843742	0.067842	0.009655	0.002071	0.001807	0.001983	0.000591	0.001140	0.000083	0.071086	0.000470
199	0.837328	0.070321	0.009959	0.002164	0.001875	0.002058	0.000616	0.001143	0.000082	0.074454	0.000493
200	0.830792	0.072697	0.010371	0.002223	0.001951	0.002133	0.000651	0.001144	0.000082	0.077957	0.000521
0	0.925507	0.034357	0.004796	0.000993	0.000878	0.000940	0.000280	0.001150	0.000070	0.031030	0.000182
1	0.999999	0.000001	0.000000	0.000000	0.000000	0.000000	0.000000	0.000000	0.000000	0.000000	0.000000
2	0.999999	0.000001	0.000000	0.000000	0.000000	0.000000	0.000000	0.000000	0.000000	0.000000	0.000000
3	0.999998	0.000001	0.000000	0.000000	0.000000	0.000000	0.000000	0.000000	0.000000	0.000000	0.000000
4	0.999998	0.000001	0.000000	0.000000	0.000000	0.000000	0.000000	0.000000	0.000000	0.000000	0.000000
5	0.999998	0.000002	0.000000	0.000000	0.000000	0.000000	0.000000	0.000000	0.000000	0.000000	0.000000
6	0.999997	0.000002	0.000000	0.000000	0.000000	0.000000	0.000000	0.000000	0.000000	0.000000	0.000000
7	0.999997	0.000002	0.000000	0.000000	0.000000	0.000000	0.000000	0.000000	0.000000	0.000000	0.000000
8	0.999997	0.000002	0.000000	0.000000	0.000000	0.000000	0.000000	0.000000	0.000000	0.000000	0.000000
9	0.999997	0.000002	0.000000	0.000000	0.000000	0.000000	0.000000	0.000000	0.000000	0.000000	0.000000
10	0.999997	0.000002	0.000001	0.000000	0.000000	0.000000	0.000000	0.000000	0.000000	0.000000	0.000000
11	0.999996	0.000003	0.000000	0.000000	0.000000	0.000000	0.000000	0.000000	0.000000	0.000000	0.000000
12	0.999996	0.000003	0.000000	0.000000	0.000000	0.000000	0.000000	0.000000	0.000000	0.000000	0.000000
13	0.999996	0.000003	0.000001	0.000000	0.000000	0.000000	0.000000	0.000000	0.000000	0.000000	0.000000
14	0.999996	0.000003	0.000000	0.000000	0.000000	0.000000	0.000000	0.000000	0.000000	0.000001	0.000000
15	0.999995	0.000003	0.000001	0.000000	0.000000	0.000000	0.000000	0.000000	0.000000	0.000001	0.000000
16	0.999995	0.000004	0.000001	0.000000	0.000000	0.000000	0.000000	0.000000	0.000000	0.000001	0.000000
17	0.999994	0.000004	0.000001	0.000000	0.000000	0.000000	0.000000	0.000000	0.000000	0.000001	0.000000
18	0.999994	0.000004	0.000000	0.000000	0.000000	0.000000	0.000000	0.000000	0.000000	0.000001	0.000000
19	0.999993	0.000004	0.000001	0.000000	0.000000	0.000000	0.000000	0.000000	0.000000	0.000002	0.000000
20	0.999993	0.000004	0.000001	0.000000	0.000000	0.000000	0.000000	0.000000	0.000000	0.000002	0.000000
21	0.999992	0.000005	0.000001	0.000000	0.000000	0.000000	0.000000	0.000000	0.000000	0.000002	0.000000
22	0.999991	0.000005	0.000001	0.000000	0.000000	0.000001	0.000000	0.000000	0.000000	0.000002	0.000000
23	0.999991	0.000005	0.000000	0.000000	0.000000	0.000000	0.000000	0.000000	0.000000	0.000003	0.000000
24	0.999990	0.000006	0.000001	0.000000	0.000000	0.000000	0.000000	0.000000	0.000000	0.000003	0.000000
25	0.999990	0.000006	0.000001	0.000000	0.000000	0.000000	0.000000	0.000000	0.000000	0.000003	0.000000
26	0.999989	0.000006	0.000001	0.000000	0.000000	0.000000	0.000000	0.000000	0.000000	0.000003	0.000000
27	0.999988	0.000007	0.000000	0.000000	0.000000	0.000000	0.000000	0.000000	0.000000	0.000004	0.000000
28	0.999987	0.000007	0.000001	0.000000	0.000000	0.000000	0.000000	0.000000	0.000000	0.000004	0.000000
29	0.999986	0.000008	0.000001	0.000000	0.000000	0.000000	0.000000	0.000000	0.000000	0.000004	0.000000
30	0.999985	0.000008	0.000001	0.000000	0.000000	0.000000	0.000000	0.000000	0.000000	0.000005	0.000000
31	0.999985	0.000008	0.000001	0.000000	0.000000	0.000000	0.000000	0.000000	0.000000	0.000005	0.000000
32	0.999984	0.000008	0.000001	0.000000	0.000000	0.000000	0.000000	0.000000	0.000000	0.000006	0.000000
33	0.999983	0.000008	0.000001	0.000000	0.000000	0.000000	0.000000	0.000000	0.000000	0.000006	0.000000
34	0.999982	0.000009	0.000001	0.000000	0.000000	0.000000	0.000000	0.000000	0.000000	0.000006	0.000000
35	0.999980	0.000010	0.000001	0.000000	0.000000	0.000000	0.000000	0.000000	0.000000	0.000007	0.000000
36	0.999979	0.000011	0.000001	0.000001	0.000000	0.000000	0.000000	0.000000	0.000000	0.000007	0.000000
37	0.999978	0.000011	0.000001	0.000000	0.000000	0.000000	0.000000	0.000000	0.000000	0.000008	0.000000
38	0.999978	0.000011	0.000002	0.000000	0.000000	0.000000	0.000000	0.000000	0.000000	0.000008	0.000000
39	0.999976	0.000012	0.000001	0.000000	0.000001	0.000000	0.000000	0.000000	0.000000	0.000009	0.000000
40	0.999974	0.000013	0.000002	0.000000	0.000000	0.000000	0.000000	0.000000	0.000000	0.000009	0.000000
41	0.999972	0.000013	0.000002	0.000000	0.000001	0.000000	0.000000	0.000001	0.000000	0.000010	0.000000
42	0.999971	0.000014	0.000001	0.000001	0.000001	0.000000	0.000000	0.000001	0.000000	0.000011	0.000000
43	0.999968	0.000016	0.000001	0.000000	0.000000	0.000000	0.000000	0.000001	0.000000	0.000012	0.000000
44	0.999967	0.000017	0.000001	0.000000	0.000000	0.000000	0.000000	0.000001	0.000000	0.000013	0.000000
45	0.999965	0.000017	0.000002	0.000000	0.000000	0.000000	0.000000	0.000001	0.000000	0.000014	0.000000
46	0.999963	0.000018	0.000002	0.000000	0.000001	0.000001	0.000000	0.000001	0.000000	0.000014	0.000000
47	0.999961	0.000019	0.000003	0.000000	0.000001	0.000000	0.000000	0.000001	0.000000	0.000015	0.000000
48	0.999957	0.000021	0.000004	0.000001	0.000001	0.000000	0.000000	0.000001	0.000000	0.000015	0.000000
49	0.999954	0.000022	0.000003	0.000001	0.000001	0.000001	0.000000	0.000001	0.000000	0.000017	0.000000
50	0.999952	0.000023	0.000004	0.000001	0.000000	0.000001	0.000000	0.000001	0.000000	0.000018	0.000000
51	0.999949	0.000024	0.000004	0.000001	0.000001	0.000001	0.000000	0.000001	0.000000	0.000019	0.000000
52	0.999945	0.000027	0.000004	0.000001	0.000001	0.000001	0.000000	0.000002	0.000000	0.000020	0.000000
53	0.999941	0.000029	0.000004	0.000001	0.000001	0.000001	0.000000	0.000002	0.000000	0.000021	0.000000
54	0.999938	0.000031	0.000004	0.000001	0.000001	0.000001	0.000000	0.000002	0.000000	0.000022	0.000000
55	0.999934	0.000033	0.000004	0.000001	0.000001	0.000001	0.000000	0.000002	0.000000	0.000024	0.000000
56	0.999931	0.000034	0.000004	0.000000	0.000001	0.000001	0.000000	0.000002	0.000000	0.000026	0.000000
57	0.999927	0.000036	0.000005	0.000001	0.000001	0.000001	0.000000	0.000002	0.000000	0.000027	0.000000
58	0.999922	0.000039	0.000004	0.000001	0.000001	0.000001	0.000000	0.000002	0.000000	0.000028	0.000000
59	0.999918	0.000042	0.000004	0.000001	0.000001	0.000002	0.000000	0.000003	0.000000	0.000030	0.000000
60	0.999913	0.000043	0.000005	0.000001	0.000001	0.000001	0.000000	0.000003	0.000000	0.000032	0.000000
61	0.999908	0.000047	0.000005	0.000001	0.000001	0.000001	0.000000	0.000003	0.000000	0.000034	0.000000
62	0.999902	0.000050	0.000005	0.000001	0.000001	0.000001	0.000000	0.000003	0.000000	0.000036	0.000000
63	0.999896	0.000053	0.000006	0.000001	0.000001	0.000001	0.000000	0.000003	0.000000	0.000038	0.000000
64	0.999891	0.000056	0.000007	0.000001	0.000001	0.000001	0.000000	0.000003	0.000000	0.000040	0.000000
65	0.999885	0.000058	0.000008	0.000001	0.000001	0.000002	0.000000	0.000003	0.000000	0.000042	0.000000
66	0.999879	0.000060	0.000008	0.000002	0.000002	0.000002	0.000001	0.000003	0.000000	0.000044	0.000000
67	0.999871	0.000064	0.000008	0.000002	0.000002	0.000002	0.000001	0.000004	0.000000	0.000047	0.000000
68	0.999864	0.000066	0.000010	0.000002	0.000001	0.000001	0.000001	0.000004	0.000000	0.000051	0.000000
69	0.999857	0.000069	0.000009	0.000002	0.000002	0.000002	0.000000	0.000005	0.000000	0.000053	0.000000
70	0.999848	0.000072	0.000011	0.000002	0.000002	0.000002	0.000001	0.000005	0.000000	0.000057	0.000000
71	0.999839	0.000077	0.000011	0.000002	0.000003	0.000002	0.000000	0.000005	0.000000	0.000060	0.000000
72	0.999830	0.000080	0.000013	0.000002	0.000002	0.000002	0.000001	0.000005	0.000000	0.000064	0.000000
73	0.999819	0.000086	0.000013	0.000002	0.000002	0.000003	0.000001	0.000005	0.000000	0.000068	0.000000
74	0.999806	0.000093	0.000012	0.000002	0.000003	0.000003	0.000000	0.000007	0.000000	0.000072	0.000000
75	0.999795	0.000098	0.000014	0.000003	0.000003	0.000003	0.000001	0.000007	0.000000	0.000077	0.000000
76	0.999780	0.000108	0.000013	0.000003	0.000004	0.000003	0.000001	0.000007	0.000000	0.000081	0.000000
77	0.999767	0.000115	0.000015	0.000002	0.000002	0.000003	0.000001	0.000008	0.000000	0.000087	0.000000
78	0.999754	0.000121	0.000016	0.000004	0.000002	0.000003	0.000001	0.000008	0.000000	0.000091	0.000000
79	0.999740	0.000127	0.000017	0.000003	0.000003	0.000003	0.000002	0.000009	0.000000	0.000096	0.000000
80	0.999722	0.000137	0.000018	0.000004	0.000003	0.000004	0.000001	0.000010	0.000000	0.000101	0.000000
81	0.999707	0.000145	0.000018	0.000004	0.000004	0.000004	0.000001	0.000010	0.000000	0.000107	0.000000
82	0.999690	0.000153	0.000021	0.000004	0.000003	0.000005	0.000001	0.000010	0.000000	0.000113	0.000000
83	0.999670	0.000163	0.000021	0.000004	0.000006	0.000005	0.000001	0.000010	0.000000	0.000120	0.000000
84	0.999650	0.000172	0.000023	0.000004	0.000004	0.000005	0.000002	0.000010	0.000000	0.000128	0.000000
85	0.999630	0.000181	0.000025	0.000005	0.000005	0.000006	0.000002	0.000011	0.000000	0.000136	0.000000
86	0.999608	0.000189	0.000027	0.000006	0.000006	0.000005	0.000001	0.000012	0.000001	0.000144	0.000000
87	0.999584	0.000203	0.000028	0.000004	0.000006	0.000006	0.000002	0.000012	0.000001	0.000155	0.000000
88	0.999562	0.000212	0.000030	0.000006	0.000006	0.000006	0.000002	0.000013	0.000001	0.000163	0.000000
89	0.999536	0.000225	0.000032	0.000006	0.000005	0.000006	0.000002	0.000013	0.000001	0.000174	0.000000
90	0.999505	0.000242	0.000033	0.000008	0.000005	0.000006	0.000002	0.000014	0.000001	0.000184	0.000000
91	0.999474	0.000257	0.000036	0.000006	0.000006	0.000007	0.000002	0.000015	0.000001	0.000196	0.000000
92	0.999444	0.000270	0.000040	0.000007	0.000006	0.000007	0.000002	0.000015	0.000001	0.000208	0.000000
93	0.999412	0.000286	0.000040	0.000009	0.000007	0.000007	0.000002	0.000016	0.000001	0.000221	0.000000
94	0.999378	0.000303	0.000044	0.000007	0.000007	0.000007	0.000002	0.000016	0.000001	0.000237	0.000000
95	0.999341	0.000322	0.000047	0.000008	0.000008	0.000007	0.000002	0.000016	0.000001	0.000249	0.000000
96	0.999305	0.000338	0.000050	0.000011	0.000007	0.000008	0.000002	0.000017	0.000001	0.000262	0.000000
97	0.999265	0.000357	0.000053	0.000010	0.000008	0.000009	0.000003	0.000017	0.000001	0.000279	0.000000
98	0.999222	0.000378	0.000055	0.000010	0.000010	0.000009	0.000003	0.000018	0.000001	0.000295	0.000000
99	0.999176	0.000399	0.000057	0.000011	0.000009	0.000010	0.000004	0.000019	0.000001	0.000313	0.000000
100	0.999124	0.000426	0.000058	0.000011	0.000013	0.000011	0.000004	0.000022	0.000001	0.000331	0.000000
101	0.999069	0.000452	0.000066	0.000011	0.000011	0.000011	0.000003	0.000023	0.000001	0.000351	0.000000
102	0.999012	0.000481	0.000066	0.000014	0.000015	0.000012	0.000004	0.000025	0.000001	0.000369	0.000000
103	0.998951	0.000512	0.000070	0.000016	0.000013	0.000012	0.000003	0.000028	0.000001	0.000395	0.000000
104	0.998895	0.000537	0.000074	0.000013	0.000013	0.000012	0.000004	0.000029	0.000001	0.000421	0.000000
105	0.998830	0.000568	0.000079	0.000016	0.000016	0.000012	0.000004	0.000031	0.000001	0.000443	0.000000
106	0.998763	0.000602	0.000078	0.000019	0.000016	0.000013	0.000004	0.000032	0.000002	0.000472	0.000000
107	0.998692	0.000635	0.000085	0.000016	0.000015	0.000015	0.000005	0.000033	0.000002	0.000502	0.000000
108	0.998618	0.000670	0.000090	0.000019	0.000017	0.000015	0.000004	0.000036	0.000002	0.000529	0.000000
109	0.998536	0.000708	0.000098	0.000018	0.000018	0.000016	0.000006	0.000038	0.000002	0.000560	0.000000
110	0.998450	0.000752	0.000101	0.000021	0.000019	0.000018	0.000005	0.000041	0.000002	0.000591	0.000000
111	0.998360	0.000793	0.000112	0.000020	0.000020	0.000019	0.000006	0.000043	0.000002	0.000625	0.000000
112	0.998268	0.000834	0.000117	0.000022	0.000022	0.000021	0.000007	0.000045	0.000002	0.000661	0.000000
113	0.998167	0.000881	0.000123	0.000025	0.000022	0.000023	0.000007	0.000048	0.000003	0.000701	0.000000
114	0.998057	0.000933	0.000133	0.000026	0.000024	0.000024	0.000006	0.000051	0.000002	0.000743	0.000000
115	0.997943	0.000987	0.000140	0.000028	0.000024	0.000027	0.000007	0.000053	0.000002	0.000788	0.000000
116	0.997821	0.001046	0.000144	0.000032	0.000026	0.000027	0.000008	0.000056	0.000002	0.000837	0.000000
117	0.997696	0.001102	0.000158	0.000031	0.000027	0.000027	0.000008	0.000060	0.000002	0.000889	0.000000
118	0.997567	0.001163	0.000164	0.000033	0.000029	0.000030	0.000008	0.000063	0.000003	0.000941	0.000000
119	0.997424	0.001235	0.000172	0.000034	0.000030	0.000032	0.000009	0.000066	0.000003	0.000995	0.000000
120	0.997269	0.001315	0.000176	0.000037	0.000035	0.000031	0.000012	0.000068	0.000003	0.001053	0.000000
121	0.997115	0.001388	0.000187	0.000039	0.000034	0.000034	0.000009	0.000075	0.000003	0.001116	0.000000
122	0.996956	0.001462	0.000200	0.000041	0.000032	0.000035	0.000012	0.000076	0.000003	0.001183	0.000000
123	0.996786	0.001543	0.000211	0.000041	0.000038	0.000038	0.000013	0.000082	0.000003	0.001246	0.000000
124	0.996598	0.001634	0.000222	0.000043	0.000042	0.000040	0.000013	0.000089	0.000003	0.001315	0.000000
125	0.996404	0.001727	0.000236	0.000046	0.000040	0.000042	0.000014	0.000093	0.000004	0.001394	0.000000
126	0.996196	0.001821	0.000258	0.000051	0.000040	0.000044	0.000013	0.000099	0.000004	0.001473	0.000000
127	0.995967	0.001929	0.000276	0.000056	0.000044	0.000048	0.000015	0.000104	0.000004	0.001557	0.000000
128	0.995723	0.002054	0.000281	0.000059	0.000051	0.000049	0.000017	0.000111	0.000004	0.001650	0.000000
129	0.995469	0.002184	0.000294	0.000059	0.000054	0.000052	0.000016	0.000118	0.000005	0.001750	0.000000
130	0.995221	0.002295	0.000315	0.000061	0.000054	0.000057	0.000016	0.000123	0.000005	0.001854	0.000000
131	0.994950	0.002420	0.000336	0.000070	0.000052	0.000060	0.000019	0.000129	0.000006	0.001959	0.000000
132	0.994664	0.002556	0.000351	0.000068	0.000061	0.000062	0.000022	0.000137	0.000006	0.002073	0.000001
133	0.994366	0.002697	0.000366	0.000072	0.000069	0.000067	0.000019	0.000147	0.000006	0.002192	0.000000
134	0.994046	0.002853	0.000384	0.000077	0.000071	0.000067	0.000022	0.000155	0.000006	0.002320	0.000000
135	0.993702	0.003011	0.000418	0.000080	0.000075	0.000070	0.000021	0.000163	0.000007	0.002454	0.000000
136	0.993340	0.003185	0.000438	0.000090	0.000079	0.000079	0.000020	0.000171	0.000008	0.002591	0.000000
137	0.992965	0.003358	0.000467	0.000092	0.000082	0.000082	0.000025	0.000178	0.000008	0.002744	0.000001
138	0.992574	0.003532	0.000498	0.000098	0.000087	0.000087	0.000028	0.000190	0.000009	0.002897	0.000000
139	0.992140	0.003753	0.000510	0.000108	0.000090	0.000096	0.000030	0.000204	0.000009	0.003060	0.000001
140	0.991703	0.003956	0.000545	0.000106	0.000094	0.000099	0.000029	0.000217	0.000010	0.003241	0.000001
141	0.991229	0.004178	0.000577	0.000114	0.000101	0.000105	0.000032	0.000231	0.000010	0.003421	0.000001
142	0.990722	0.004427	0.000602	0.000122	0.000109	0.000110	0.000036	0.000245	0.000011	0.003616	0.000000
143	0.990202	0.004671	0.000634	0.000128	0.000115	0.000117	0.000036	0.000263	0.000011	0.003823	0.000000
144	0.989658	0.004917	0.000681	0.000137	0.000116	0.000121	0.000037	0.000277	0.000012	0.004045	0.000001
145	0.989076	0.005184	0.000722	0.000139	0.000131	0.000128	0.000040	0.000293	0.000012	0.004274	0.000000
146	0.988459	0.005463	0.000773	0.000151	0.000130	0.000139	0.000040	0.000311	0.000013	0.004521	0.000001
147	0.987798	0.005769	0.000816	0.000163	0.000144	0.000144	0.000048	0.000326	0.000014	0.004777	0.000000
148	0.987099	0.006107	0.000848	0.000171	0.000151	0.000154	0.000049	0.000350	0.000014	0.005058	0.000001
149	0.986366	0.006449	0.000896	0.000178	0.000162	0.000162	0.000050	0.000368	0.000015	0.005353	0.000000
150	0.985582	0.006813	0.000962	0.000183	0.000168	0.000171	0.000056	0.000387	0.000015	0.005662	0.000001
151	0.984770	0.007186	0.001020	0.000205	0.000176	0.000180	0.000056	0.000409	0.000017	0.005981	0.000001
152	0.983898	0.007603	0.001069	0.000213	0.000194	0.000186	0.000061	0.000430	0.000019	0.006327	0.000001
153	0.982989	0.008030	0.001121	0.000224	0.000203	0.000201	0.000064	0.000457	0.000019	0.006693	0.000002
154	0.982019	0.008487	0.001186	0.000235	0.000214	0.000212	0.000066	0.000484	0.000020	0.007077	0.000001
155	0.981000	0.008970	0.001246	0.000251	0.000228	0.000224	0.000068	0.000509	0.000021	0.007482	0.000001
156	0.979926	0.009487	0.001313	0.000262	0.000238	0.000240	0.000068	0.000534	0.000024	0.007909	0.000001
157	0.978815	0.010007	0.001389	0.000277	0.000243	0.000253	0.000072	0.000558	0.000025	0.008361	0.000001
158	0.977627	0.010561	0.001472	0.000292	0.000262	0.000267	0.000079	0.000586	0.000027	0.008826	0.000002
159	0.976369	0.011143	0.001555	0.000319	0.000275	0.000282	0.000086	0.000619	0.000028	0.009324	0.000001
160	0.975048	0.011773	0.001611	0.000331	0.000298	0.000303	0.000095	0.000655	0.000030	0.009857	0.000001
161	0.973652	0.012420	0.001712	0.000340	0.000306	0.000317	0.000096	0.000695	0.000033	0.010430	0.000001
162	0.972207	0.013079	0.001807	0.000360	0.000326	0.000340	0.000101	0.000738	0.000034	0.011007	0.000001
163	0.970659	0.013813	0.001907	0.000377	0.000338	0.000351	0.000110	0.000777	0.000037	0.011632	0.000002
164	0.969028	0.014570	0.002021	0.000409	0.000351	0.000370	0.000114	0.000825	0.000039	0.012275	0.000002
165	0.967300	0.015388	0.002124	0.000434	0.000372	0.000390	0.000119	0.000872	0.000043	0.012959	0.000001
166	0.965501	0.016206	0.002260	0.000444	0.000400	0.000405	0.000124	0.000923	0.000044	0.013694	0.000003
167	0.963560	0.017127	0.002381	0.000479	0.000416	0.000435	0.000130	0.000972	0.000046	0.014454	0.000002
168	0.961536	0.018074	0.002508	0.000508	0.000446	0.000452	0.000138	0.001024	0.000047	0.015267	0.000003
169	0.959397	0.019067	0.002648	0.000530	0.000474	0.000480	0.000143	0.001081	0.000050	0.016129	0.000003
170	0.957159	0.020095	0.002778	0.000575	0.000503	0.000504	0.000156	0.001136	0.000052	0.017041	0.000003
171	0.954867	0.021169	0.002917	0.000597	0.000530	0.000535	0.000166	0.001149	0.000053	0.018016	0.000056
172	0.952495	0.022280	0.003067	0.000634	0.000550	0.000572	0.000173	0.001158	0.000055	0.019015	0.000079
173	0.950027	0.023411	0.003258	0.000654	0.000585	0.000608	0.000181	0.001157	0.000057	0.020062	0.000096
174	0.947438	0.024604	0.003433	0.000696	0.000615	0.000640	0.000194	0.001160	0.000060	0.021159	0.000102
175	0.944734	0.025887	0.003587	0.000723	0.000651	0.000679	0.000205	0.001151	0.000063	0.022319	0.000117
176	0.941946	0.027144	0.003802	0.000758	0.000674	0.000714	0.000216	0.001155	0.000065	0.023525	0.000120
177	0.939013	0.028469	0.004017	0.000799	0.000717	0.000757	0.000220	0.001155	0.000067	0.024785	0.000135
178	0.935941	0.029889	0.004169	0.000863	0.000761	0.000798	0.000245	0.001151	0.000067	0.026118	0.000139
179	0.932771	0.031290	0.004412	0.000892	0.000788	0.000837	0.000247	0.001154	0.000068	0.027543	0.000160
180	0.929460	0.032761	0.004599	0.000961	0.000841	0.000878	0.000266	0.001154	0.000069	0.029011	0.000165
181	0.926025	0.034293	0.004788	0.000997	0.000875	0.000931	0.000278	0.001146	0.000071	0.030594	0.000183
182	0.922453	0.035839	0.005027	0.001048	0.000907	0.000973	0.000300	0.001149	0.000071	0.032235	0.000190
183	0.918720	0.037483	0.005251	0.001093	0.000964	0.001025	0.000300	0.001150	0.000073	0.033942	0.000213
184	0.914865	0.039121	0.005508	0.001150	0.001001	0.001077	0.000324	0.001147	0.000074	0.035734	0.000214
185	0.910880	0.040821	0.005738	0.001205	0.001060	0.001135	0.000331	0.001147	0.000073	0.037609	0.000236
186	0.906728	0.042561	0.006002	0.001259	0.001097	0.001186	0.000359	0.001144	0.000073	0.039592	0.000243
187	0.902393	0.044404	0.006240	0.001319	0.001168	0.001242	0.000369	0.001146	0.000074	0.041645	0.000267
188	0.897949	0.046252	0.006503	0.001372	0.001198	0.001292	0.000397	0.001139	0.000075	0.043823	0.000280
189	0.893326	0.048139	0.006829	0.001433	0.001248	0.001347	0.000392	0.001148	0.000076	0.046061	0.000299
190	0.888493	0.050126	0.007092	0.001523	0.001322	0.001396	0.000430	0.001142	0.000077	0.048399	0.000304
191	0.883489	0.052200	0.007371	0.001571	0.001355	0.001471	0.000442	0.001142	0.000076	0.050883	0.000335
192	0.878340	0.054235	0.007723	0.001614	0.001428	0.001541	0.000469	0.001143	0.000078	0.053431	0.000348
193	0.873017	0.056398	0.007966	0.001708	0.001501	0.001624	0.000495	0.001141	0.000078	0.056072	0.000376
194	0.867496	0.058632	0.008303	0.001744	0.001539	0.001682	0.000519	0.001145	0.000079	0.058862	0.000398
195	0.861863	0.060832	0.008659	0.001818	0.001618	0.001755	0.000529	0.001141	0.000082	0.061703	0.000427
196	0.855995	0.063123	0.008997	0.001922	0.001685	0.001828	0.000548	0.001139	0.000082	0.064683	0.000432
197	0.849976	0.065445	0.009302	0.002002	0.001760	0.001912	0.000569	0.001138	0.000083	0.067813	0.000450
198	0.843734	0.067847	0.009656	0.002071	0.001807	0.001983	0.000591	0.001140	0.000083	0.071087	0.000470
199	0.837318	0.070328	0.009960	0.002164	0.001875	0.002058	0.000616	0.001143	0.000082	0.074455	0.000493
200	0.830782	0.072705	0.010371	0.002223	0.001951	0.002133	0.000651	0.001144	0.000082	0.077958	0.000522
