0	0.000000	0.000000	0.000000	0.000000	0.000000	0.000000	0.000000	0.000000	0.000000	0.000000	0.000000
1	0.999999	0.000000	0.000000	0.000000	0.000000	0.000000	0.000000	0.000000	0.000000	0.000000	0.000000
2	0.999999	0.000001	0.000000	0.000000	0.000000	0.000000	0.000000	0.000000	0.000000	0.000000	0.000000
3	0.999998	0.000001	0.000000	0.000000	0.000000	0.000000	0.000000	0.000000	0.000000	0.000000	0.000000
4	0.999998	0.000001	0.000000	0.000000	0.000000	0.000000	0.000000	0.000000	0.000000	0.000000	0.000000
5	0.999998	0.000002	0.000000	0.000000	0.000000	0.000000	0.000000	0.000000	0.000000	0.000000	0.000000
6	0.999997	0.000002	0.000000	0.000000	0.000000	0.000000	0.000000	0.000000	0.000000	0.000000	0.000000
7	0.999997	0.000001	0.000001	0.000000	0.000000	0.000000	0.000000	0.000000	0.000000	0.000000	0.000000
8	0.999997	0.000002	0.000000	0.000000	0.000000	0.000000	0.000000	0.000000	0.000000	0.000000	0.000000
9	0.999997	0.000002	0.000001	0.000000	0.000000	0.000000	0.000000	0.000000	0.000000	0.000000	0.000000
10	0.999996	0.000002	0.000000	0.000000	0.000000	0.000000	0.000000	0.000000	0.000000	0.000000	0.000000
11	0.999996	0.000002	0.000001	0.000000	0.000000	0.000000	0.000000	0.000000	0.000000	0.000001	0.000000
12	0.999995	0.000003	0.000001	0.000000	0.000000	0.000000	0.000000	0.000000	0.000000	0.000001	0.000000
13	0.999993	0.000004	0.000001	0.000000	0.000000	0.000000	0.000000	0.000000	0.000000	0.000001	0.000000
14	0.999992	0.000004	0.000002	0.000000	0.000000	0.000000	0.000000	0.000000	0.000000	0.000001	0.000000
15	0.999991	0.000005	0.000002	0.000000	0.000000	0.000000	0.000000	0.000000	0.000000	0.000001	0.000000
16	0.999990	0.000006	0.000002	0.000000	0.000000	0.000000	0.000000	0.000000	0.000000	0.000001	0.000000
17	0.999988	0.000007	0.000002	0.000001	0.000000	0.000000	0.000000	0.000000	0.000000	0.000002	0.000000
18	0.999987	0.000007	0.000002	0.000000	0.000000	0.000000	0.000000	0.000000	0.000000	0.000002	0.000000
19	0.999984	0.000009	0.000003	0.000001	0.000000	0.000000	0.000000	0.000001	0.000000	0.000003	0.000000
20	0.999982	0.000010	0.000003	0.000001	0.000000	0.000000	0.000000	0.000001	0.000000	0.000003	0.000000
21	0.999980	0.000010	0.000003	0.000001	0.000001	0.000000	0.000000	0.000001	0.000000	0.000004	0.000000
22	0.999978	0.000012	0.000003	0.000001	0.000001	0.000000	0.000000	0.000001	0.000000	0.000005	0.000000
23	0.999975	0.000013	0.000005	0.000001	0.000001	0.000000	0.000000	0.000001	0.000000	0.000005	0.000000
24	0.999971	0.000016	0.000004	0.000001	0.000001	0.000000	0.000000	0.000001	0.000000	0.000006	0.000000
25	0.999967	0.000016	0.000007	0.000001	0.000001	0.000000	0.000000	0.000001	0.000000	0.000007	0.000000
26	0.999963	0.000018	0.000007	0.000002	0.000001	0.000000	0.000000	0.000001	0.000000	0.000008	0.000000
27	0.999959	0.000021	0.000008	0.000002	0.000001	0.000001	0.000000	0.000001	0.000000	0.000009	0.000000
28	0.999954	0.000023	0.000009	0.000001	0.000002	0.000001	0.000000	0.000001	0.000000	0.000010	0.000000
29	0.999948	0.000025	0.000010	0.000001	0.000002	0.000001	0.000000	0.000001	0.000000	0.000011	0.000000
30	0.999942	0.000030	0.000009	0.000002	0.000003	0.000001	0.000001	0.000001	0.000000	0.000012	0.000000
31	0.999933	0.000035	0.000010	0.000002	0.000003	0.000001	0.000000	0.000001	0.000000	0.000014	0.000000
32	0.999925	0.000040	0.000012	0.000002	0.000003	0.000001	0.000000	0.000002	0.000000	0.000016	0.000000
33	0.999917	0.000044	0.000013	0.000002	0.000003	0.000001	0.000000	0.000002	0.000000	0.000018	0.000000
34	0.999908	0.000048	0.000014	0.000004	0.000004	0.000002	0.000001	0.000002	0.000000	0.000019	0.000000
35	0.999895	0.000055	0.000017	0.000004	0.000003	0.000002	0.000001	0.000003	0.000000	0.000021	0.000000
36	0.999882	0.000060	0.000020	0.000004	0.000004	0.000002	0.000000	0.000003	0.000000	0.000024	0.000000
37	0.999867	0.000065	0.000025	0.000004	0.000005	0.000002	0.000001	0.000004	0.000000	0.000027	0.000000
38	0.999850	0.000074	0.000028	0.000004	0.000005	0.000002	0.000000	0.000004	0.000000	0.000032	0.000000
39	0.999828	0.000087	0.000030	0.000006	0.000007	0.000003	0.000001	0.000005	0.000000	0.000035	0.000000
40	0.999806	0.000097	0.000035	0.000007	0.000007	0.000003	0.000000	0.000005	0.000000	0.000039	0.000000
41	0.999774	0.000115	0.000038	0.000009	0.000009	0.000004	0.000001	0.000006	0.000000	0.000044	0.000000
42	0.999744	0.000132	0.000043	0.000008	0.000010	0.000005	0.000001	0.000006	0.000000	0.000050	0.000000
43	0.999710	0.000150	0.000049	0.000009	0.000011	0.000005	0.000002	0.000006	0.000000	0.000057	0.000000
44	0.999673	0.000170	0.000053	0.000013	0.000012	0.000005	0.000002	0.000008	0.000000	0.000065	0.000000
45	0.999633	0.000189	0.000061	0.000014	0.000012	0.000005	0.000002	0.000009	0.000000	0.000075	0.000000
46	0.999589	0.000213	0.000064	0.000015	0.000015	0.000007	0.000003	0.000010	0.000000	0.000084	0.000000
47	0.999534	0.000243	0.000073	0.000015	0.000015	0.000009	0.000003	0.000013	0.000000	0.000096	0.000000
48	0.999477	0.000270	0.000084	0.000017	0.000015	0.000010	0.000002	0.000014	0.000000	0.000110	0.000000
49	0.999413	0.000302	0.000096	0.000020	0.000017	0.000011	0.000003	0.000015	0.000000	0.000123	0.000000
50	0.999340	0.000338	0.000110	0.000022	0.000019	0.000013	0.000003	0.000017	0.000000	0.000138	0.000000
51	0.999258	0.000377	0.000126	0.000025	0.000023	0.000014	0.000004	0.000018	0.000000	0.000155	0.000000
52	0.999160	0.000431	0.000140	0.000026	0.000026	0.000017	0.000006	0.000020	0.000000	0.000174	0.000000
53	0.999051	0.000486	0.000161	0.000028	0.000032	0.000019	0.000006	0.000023	0.000000	0.000194	0.000000
54	0.998917	0.000561	0.000179	0.000033	0.000036	0.000021	0.000008	0.000028	0.000000	0.000217	0.000000
55	0.998773	0.000639	0.000201	0.000042	0.000040	0.000023	0.000006	0.000032	0.000001	0.000242	0.000000
56	0.998610	0.000730	0.000224	0.000046	0.000046	0.000027	0.000007	0.000037	0.000001	0.000274	0.000000
57	0.998429	0.000820	0.000258	0.000054	0.000053	0.000031	0.000007	0.000040	0.000001	0.000308	0.000000
58	0.998218	0.000933	0.000291	0.000063	0.000056	0.000036	0.000009	0.000043	0.000001	0.000350	0.000000
59	0.997995	0.001046	0.000328	0.000069	0.000063	0.000040	0.000013	0.000048	0.000001	0.000397	0.000000
60	0.997735	0.001176	0.000380	0.000075	0.000070	0.000045	0.000012	0.000056	0.000001	0.000447	0.000000
61	0.997438	0.001334	0.000427	0.000084	0.000079	0.000051	0.000016	0.000064	0.000001	0.000504	0.000000
62	0.997108	0.001501	0.000485	0.000097	0.000088	0.000058	0.000018	0.000075	0.000002	0.000571	0.000000
63	0.996730	0.001698	0.000546	0.000114	0.000098	0.000065	0.000019	0.000086	0.000002	0.000642	0.000000
64	0.996297	0.001933	0.000610	0.000122	0.000112	0.000072	0.000021	0.000098	0.000002	0.000734	0.000000
65	0.995829	0.002163	0.000690	0.000138	0.000128	0.000084	0.000026	0.000111	0.000002	0.000828	0.000000
66	0.995277	0.002455	0.000779	0.000153	0.000153	0.000096	0.000028	0.000127	0.000003	0.000930	0.000000
67	0.994661	0.002782	0.000882	0.000170	0.000170	0.000110	0.000029	0.000143	0.000003	0.001052	0.000000
68	0.993972	0.003129	0.001009	0.000197	0.000189	0.000124	0.000033	0.000159	0.000003	0.001185	0.000000
69	0.993172	0.003559	0.001127	0.000229	0.000212	0.000143	0.000037	0.000179	0.000003	0.001338	0.000000
70	0.992281	0.004019	0.001276	0.000266	0.000240	0.000155	0.000043	0.000202	0.000004	0.001514	0.000000
71	0.991298	0.004512	0.001449	0.000292	0.000273	0.000174	0.000049	0.000226	0.000005	0.001723	0.000000
72	0.990170	0.005087	0.001644	0.000326	0.000310	0.000199	0.000054	0.000252	0.000005	0.001953	0.000000
73	0.988903	0.005751	0.001832	0.000374	0.000354	0.000226	0.000063	0.000281	0.000006	0.002209	0.000000
74	0.987468	0.006487	0.002072	0.000415	0.000407	0.000258	0.000072	0.000319	0.000006	0.002495	0.000000
75	0.985844	0.007335	0.002337	0.000472	0.000465	0.000286	0.000078	0.000363	0.000007	0.002813	0.000000
76	0.984005	0.008289	0.002641	0.000529	0.000527	0.000324	0.000082	0.000409	0.000008	0.003185	0.000000
77	0.981931	0.009343	0.003003	0.000605	0.000581	0.000365	0.000107	0.000455	0.000010	0.003600	0.000000
78	0.979620	0.010526	0.003384	0.000691	0.000661	0.000414	0.000116	0.000518	0.000012	0.004059	0.000000
79	0.977014	0.011854	0.003820	0.000772	0.000759	0.000465	0.000131	0.000586	0.000014	0.004585	0.000000
80	0.974044	0.013396	0.004290	0.000869	0.000860	0.000524	0.000150	0.000663	0.000016	0.005188	0.000000
81	0.970751	0.015070	0.004854	0.000980	0.000972	0.000590	0.000160	0.000753	0.000017	0.005855	0.000000
82	0.967053	0.016957	0.005455	0.001095	0.001088	0.000667	0.000190	0.000846	0.000019	0.006629	0.000000
83	0.962899	0.019053	0.006164	0.001251	0.001230	0.000752	0.000202	0.000959	0.000021	0.007468	0.000000
84	0.958216	0.021445	0.006929	0.001399	0.001391	0.000853	0.000231	0.001085	0.000024	0.008427	0.000000
85	0.953021	0.024081	0.007776	0.001593	0.001552	0.000958	0.000274	0.001188	0.000027	0.009528	0.000028
86	0.947332	0.027014	0.008775	0.001791	0.001739	0.001083	0.000297	0.001186	0.000031	0.010751	0.000165
87	0.941039	0.030202	0.009881	0.002024	0.001955	0.001227	0.000326	0.001179	0.000034	0.012133	0.000186
88	0.934053	0.033718	0.011098	0.002278	0.002204	0.001379	0.000372	0.001170	0.000038	0.013690	0.000200
89	0.926223	0.037683	0.012407	0.002581	0.002491	0.001550	0.000420	0.001159	0.000043	0.015442	0.000223
90	0.917594	0.041989	0.013903	0.002856	0.002804	0.001738	0.000477	0.001161	0.000048	0.017431	0.000255
91	0.908077	0.046678	0.015554	0.003204	0.003152	0.001954	0.000536	0.001157	0.000052	0.019636	0.000300
92	0.897629	0.051724	0.017407	0.003589	0.003532	0.002188	0.000592	0.001156	0.000057	0.022127	0.000342
93	0.886041	0.057366	0.019386	0.004032	0.003954	0.002454	0.000675	0.001162	0.000061	0.024870	0.000385
94	0.873369	0.063464	0.021586	0.004495	0.004416	0.002738	0.000769	0.001152	0.000066	0.027945	0.000452
95	0.859458	0.070089	0.023943	0.005035	0.004960	0.003064	0.000842	0.001156	0.000071	0.031381	0.000519
96	0.844364	0.077111	0.026615	0.005576	0.005525	0.003423	0.000922	0.001154	0.000076	0.035233	0.000585
97	0.827975	0.084676	0.029361	0.006218	0.006177	0.003823	0.001046	0.001145	0.000083	0.039495	0.000641
98	0.810200	0.092704	0.032424	0.006893	0.006875	0.004271	0.001162	0.001150	0.000087	0.044233	0.000727
99	0.791099	0.101078	0.035812	0.007620	0.007608	0.004747	0.001295	0.001145	0.000090	0.049507	0.000833
100	0.770564	0.109986	0.039342	0.008423	0.008401	0.005273	0.001419	0.001145	0.000094	0.055354	0.000925
101	0.748563	0.119203	0.043253	0.009257	0.009264	0.005823	0.001579	0.001143	0.000096	0.061818	0.001026
102	0.725161	0.128824	0.047271	0.010204	0.010217	0.006458	0.001729	0.001143	0.000100	0.068893	0.001151
103	0.700357	0.138642	0.051539	0.011245	0.011264	0.007135	0.001910	0.001141	0.000105	0.076661	0.001267
104	0.674308	0.148559	0.056002	0.012287	0.012343	0.007870	0.002118	0.001143	0.000107	0.085262	0.001411
105	0.647217	0.158291	0.060707	0.013437	0.013496	0.008638	0.002293	0.001143	0.000110	0.094667	0.001579
106	0.618932	0.168035	0.065477	0.014569	0.014721	0.009462	0.002506	0.001148	0.000114	0.105036	0.001717
107	0.589771	0.177446	0.070344	0.015868	0.016012	0.010341	0.002729	0.001153	0.000115	0.116221	0.001895
108	0.559757	0.186467	0.075422	0.017086	0.017339	0.011290	0.002942	0.001158	0.000115	0.128424	0.002066
109	0.529317	0.194735	0.080439	0.018413	0.018697	0.012285	0.003182	0.001155	0.000115	0.141662	0.002254
110	0.498471	0.202341	0.085342	0.019750	0.020155	0.013321	0.003403	0.001157	0.000114	0.155945	0.002441
111	0.467425	0.209062	0.090271	0.021054	0.021570	0.014425	0.003652	0.001156	0.000114	0.171271	0.002604
112	0.436741	0.214570	0.094880	0.022388	0.023069	0.015545	0.003871	0.001151	0.000116	0.187669	0.002825
113	0.406415	0.218791	0.099317	0.023688	0.024484	0.016658	0.004122	0.001148	0.000117	0.205260	0.002977
114	0.376620	0.221809	0.103244	0.025068	0.025946	0.017791	0.004413	0.001151	0.000117	0.223842	0.003165
115	0.347636	0.223577	0.106792	0.026194	0.027295	0.018994	0.004682	0.001151	0.000118	0.243561	0.003393
116	0.319834	0.223748	0.109882	0.027324	0.028676	0.020134	0.004834	0.001149	0.000118	0.264302	0.003617
117	0.293321	0.222401	0.112427	0.028362	0.029891	0.021277	0.005005	0.001153	0.000117	0.286045	0.003745
118	0.268142	0.219544	0.114531	0.029222	0.031043	0.022336	0.005212	0.001152	0.000116	0.308703	0.003885
119	0.244600	0.215265	0.115904	0.029987	0.032035	0.023358	0.005403	0.001150	0.000117	0.332183	0.004046
120	0.222596	0.209889	0.116475	0.030536	0.032980	0.024294	0.005582	0.001150	0.000116	0.356383	0.004194
121	0.202381	0.203118	0.116474	0.031104	0.033584	0.025106	0.005719	0.001152	0.000116	0.381247	0.004335
122	0.183981	0.195434	0.115549	0.031375	0.034176	0.025832	0.005775	0.001150	0.000115	0.406613	0.004468
123	0.167218	0.186832	0.114025	0.031399	0.034468	0.026446	0.005889	0.001144	0.000114	0.432466	0.004493
124	0.152182	0.177545	0.111803	0.031241	0.034547	0.026953	0.005921	0.001148	0.000114	0.458546	0.004585
125	0.138830	0.167742	0.108886	0.030934	0.034437	0.027368	0.005898	0.001147	0.000114	0.484645	0.004615
126	0.127035	0.157521	0.105393	0.030450	0.034102	0.027619	0.005926	0.001145	0.000115	0.510693	0.004590
127	0.116665	0.147241	0.101472	0.029766	0.033622	0.027668	0.005845	0.001154	0.000114	0.536453	0.004634
128	0.107617	0.136734	0.097272	0.028901	0.032945	0.027582	0.005771	0.001150	0.000115	0.561912	0.004539
129	0.099851	0.126408	0.092701	0.027892	0.032067	0.027324	0.005667	0.001149	0.000115	0.586826	0.004492
130	0.093167	0.116412	0.087655	0.026849	0.031046	0.026983	0.005537	0.001157	0.000115	0.611081	0.004407
131	0.087479	0.106707	0.082610	0.025650	0.029871	0.026479	0.005356	0.001157	0.000113	0.634578	0.004324
132	0.082621	0.097539	0.077316	0.024413	0.028571	0.025825	0.005199	0.001149	0.000114	0.657253	0.004175
133	0.078491	0.088938	0.072052	0.023054	0.027223	0.025022	0.004996	0.001146	0.000115	0.678961	0.004061
134	0.074919	0.080903	0.066877	0.021688	0.025764	0.024168	0.004766	0.001150	0.000115	0.699650	0.003887
135	0.072010	0.073327	0.061809	0.020325	0.024262	0.023211	0.004560	0.001147	0.000114	0.719236	0.003712
136	0.069565	0.066392	0.056917	0.018835	0.022759	0.022190	0.004310	0.001151	0.000115	0.737766	0.003537
137	0.067516	0.060035	0.052141	0.017471	0.021238	0.021092	0.004092	0.001150	0.000116	0.755148	0.003346
138	0.065859	0.054228	0.047553	0.016121	0.019746	0.019950	0.003885	0.001150	0.000116	0.771393	0.003178
139	0.064492	0.048970	0.043293	0.014804	0.018202	0.018769	0.003627	0.001153	0.000116	0.786575	0.003008
140	0.063351	0.044225	0.039307	0.013546	0.016776	0.017624	0.003375	0.001152	0.000116	0.800528	0.002808
141	0.062409	0.039901	0.035593	0.012371	0.015363	0.016466	0.003182	0.001150	0.000116	0.813447	0.002601
142	0.061674	0.035958	0.032222	0.011285	0.014054	0.015328	0.002923	0.001151	0.000118	0.825288	0.002452
143	0.061082	0.032358	0.029168	0.010228	0.012788	0.014181	0.002739	0.001146	0.000116	0.836194	0.002252
144	0.060602	0.029163	0.026345	0.009278	0.011586	0.013094	0.002504	0.001147	0.000116	0.846166	0.002089
145	0.060180	0.026287	0.023777	0.008420	0.010519	0.012049	0.002306	0.001154	0.000117	0.855191	0.001912
146	0.059854	0.023647	0.021445	0.007658	0.009523	0.011079	0.002115	0.001149	0.000118	0.863413	0.001757
147	0.059614	0.021225	0.019434	0.006892	0.008590	0.010108	0.001941	0.001153	0.000118	0.870925	0.001607
148	0.059410	0.019083	0.017483	0.006215	0.007760	0.009213	0.001792	0.001151	0.000122	0.877772	0.001468
149	0.059261	0.017131	0.015787	0.005589	0.006993	0.008366	0.001652	0.001152	0.000124	0.883945	0.001338
150	0.059159	0.015433	0.014175	0.005075	0.006278	0.007598	0.001487	0.001147	0.000123	0.889523	0.001246
151	0.059054	0.013855	0.012748	0.004586	0.005689	0.006906	0.001358	0.001147	0.000124	0.894532	0.001104
152	0.058982	0.012452	0.011435	0.004150	0.005126	0.006249	0.001226	0.001151	0.000123	0.899105	0.001007
153	0.058910	0.011176	0.010292	0.003699	0.004628	0.005643	0.001125	0.001149	0.000124	0.903254	0.000893
154	0.058849	0.010059	0.009244	0.003298	0.004180	0.005104	0.001020	0.001153	0.000128	0.906966	0.000810
155	0.058805	0.009021	0.008299	0.002981	0.003756	0.004604	0.000930	0.001151	0.000127	0.910326	0.000730
156	0.058769	0.008088	0.007465	0.002671	0.003398	0.004159	0.000840	0.001150	0.000127	0.913334	0.000664
157	0.058728	0.007261	0.006694	0.002414	0.003046	0.003751	0.000762	0.001150	0.000131	0.916063	0.000582
158	0.058683	0.006528	0.006007	0.002158	0.002738	0.003385	0.000686	0.001155	0.000134	0.918526	0.000528
159	0.058655	0.005864	0.005395	0.001930	0.002457	0.003037	0.000624	0.001152	0.000135	0.920749	0.000475
160	0.058612	0.005270	0.004845	0.001730	0.002205	0.002732	0.000556	0.001149	0.000137	0.922764	0.000421
161	0.058548	0.004741	0.004351	0.001572	0.001983	0.002462	0.000500	0.001145	0.000143	0.924554	0.000357
162	0.058488	0.004268	0.003898	0.001412	0.001789	0.002218	0.000456	0.001152	0.000146	0.926172	0.000313
163	0.058458	0.003826	0.003505	0.001272	0.001616	0.001974	0.000408	0.001150	0.000148	0.927642	0.000291
164	0.058396	0.003454	0.003148	0.001135	0.001435	0.001778	0.000368	0.001149	0.000153	0.928985	0.000242
165	0.058349	0.003094	0.002838	0.001006	0.001298	0.001597	0.000334	0.001147	0.000155	0.930182	0.000211
166	0.058305	0.002773	0.002536	0.000912	0.001156	0.001439	0.000303	0.001148	0.000157	0.931273	0.000185
167	0.058253	0.002497	0.002266	0.000819	0.001047	0.001291	0.000264	0.001149	0.000160	0.932254	0.000158
168	0.058190	0.002254	0.002027	0.000726	0.000939	0.001159	0.000236	0.001149	0.000164	0.933157	0.000129
169	0.058124	0.002021	0.001828	0.000663	0.000842	0.001036	0.000217	0.001156	0.000165	0.933949	0.000106
170	0.058069	0.001820	0.001637	0.000590	0.000754	0.000930	0.000197	0.001157	0.000166	0.934679	0.000099
171	0.058014	0.001640	0.001479	0.000528	0.000676	0.000827	0.000174	0.001152	0.000170	0.935341	0.000087
172	0.057948	0.001488	0.001327	0.000477	0.000604	0.000745	0.000150	0.001149	0.000174	0.935938	0.000060
173	0.057878	0.001339	0.001188	0.000431	0.000543	0.000669	0.000139	0.001151	0.000180	0.936481	0.000041
174	0.057810	0.001203	0.001069	0.000388	0.000489	0.000608	0.000123	0.001148	0.000187	0.936976	0.000031
175	0.057738	0.001087	0.000955	0.000344	0.000433	0.000552	0.000115	0.001156	0.000189	0.937432	0.000016
176	0.057671	0.000979	0.000860	0.000309	0.000392	0.000494	0.000106	0.001150	0.000194	0.937843	0.000019
177	0.057603	0.000890	0.000771	0.000267	0.000352	0.000444	0.000098	0.001146	0.000201	0.938229	0.000007
178	0.057541	0.000809	0.000690	0.000241	0.000321	0.000394	0.000090	0.001141	0.000204	0.938569	0.000008
179	0.057483	0.000736	0.000624	0.000217	0.000283	0.000353	0.000075	0.001123	0.000209	0.938895	0.000007
180	0.057439	0.000669	0.000562	0.000191	0.000259	0.000319	0.000068	0.001090	0.000207	0.939195	0.000013
181	0.057399	0.000612	0.000508	0.000172	0.000233	0.000287	0.000060	0.001056	0.000208	0.939463	0.000009
182	0.057365	0.000556	0.000459	0.000162	0.000213	0.000258	0.000053	0.001025	0.000209	0.939702	0.000012
183	0.057337	0.000507	0.000421	0.000142	0.000190	0.000231	0.000049	0.000981	0.000206	0.939937	0.000015
184	0.057308	0.000467	0.000379	0.000129	0.000171	0.000208	0.000047	0.000936	0.000207	0.940148	0.000010
185	0.057282	0.000438	0.000332	0.000114	0.000151	0.000190	0.000038	0.000897	0.000209	0.940349	0.000009
186	0.057268	0.000399	0.000296	0.000104	0.000136	0.000170	0.000037	0.000848	0.000206	0.940535	0.000014
187	0.057247	0.000368	0.000271	0.000094	0.000121	0.000153	0.000033	0.000801	0.000208	0.940704	0.000010
188	0.057233	0.000340	0.000244	0.000085	0.000110	0.000138	0.000027	0.000750	0.000207	0.940867	0.000011
189	0.057220	0.000314	0.000222	0.000078	0.000099	0.000125	0.000027	0.000697	0.000205	0.941013	0.000012
190	0.057204	0.000292	0.000203	0.000075	0.000088	0.000114	0.000024	0.000649	0.000205	0.941146	0.000009
191	0.057192	0.000271	0.000185	0.000064	0.000081	0.000104	0.000022	0.000599	0.000203	0.941279	0.000009
192	0.057181	0.000253	0.000172	0.000058	0.000073	0.000095	0.000018	0.000552	0.000203	0.941395	0.000010
193	0.057174	0.000236	0.000155	0.000052	0.000065	0.000085	0.000018	0.000507	0.000200	0.941507	0.000010
194	0.057164	0.000223	0.000146	0.000046	0.000058	0.000075	0.000018	0.000466	0.000198	0.941606	0.000009
195	0.057158	0.000209	0.000132	0.000044	0.000052	0.000068	0.000016	0.000425	0.000194	0.941702	0.000009
196	0.057153	0.000196	0.000121	0.000042	0.000049	0.000062	0.000014	0.000384	0.000191	0.941789	0.000009
197	0.057151	0.000187	0.000105	0.000041	0.000045	0.000056	0.000013	0.000347	0.000186	0.941870	0.000011
198	0.057149	0.000178	0.000094	0.000033	0.000042	0.000051	0.000010	0.000313	0.000183	0.941948	0.000008
199	0.057146	0.000170	0.000085	0.000030	0.000038	0.000044	0.000010	0.000280	0.000178	0.942017	0.000009
200	0.057147	0.000158	0.000080	0.000026	0.000033	0.000039	0.000010	0.000255	0.000174	0.942077	0.000008
201	0.057148	0.000150	0.000074	0.000024	0.000033	0.000035	0.000008	0.000230	0.000167	0.942131	0.000010
202	0.057149	0.000143	0.000069	0.000022	0.000027	0.000032	0.000006	0.000209	0.000160	0.942183	0.000009
203	0.057151	0.000134	0.000063	0.000021	0.000025	0.000029	0.000007	0.000191	0.000153	0.942226	0.000009
204	0.057153	0.000128	0.000058	0.000019	0.000023	0.000025	0.000007	0.000171	0.000146	0.942269	0.000009
205	0.057156	0.000121	0.000056	0.000019	0.000021	0.000023	0.000005	0.000155	0.000138	0.942306	0.000009
206	0.057160	0.000115	0.000050	0.000017	0.000020	0.000021	0.000004	0.000139	0.000130	0.942342	0.000009
207	0.057163	0.000112	0.000046	0.000016	0.000018	0.000021	0.000004	0.000126	0.000122	0.942372	0.000009
208	0.057165	0.000107	0.000045	0.000014	0.000017	0.000019	0.000003	0.000112	0.000116	0.942402	0.000007
209	0.057167	0.000102	0.000042	0.000015	0.000016	0.000017	0.000004	0.000100	0.000110	0.942428	0.000006
210	0.057170	0.000099	0.000037	0.000013	0.000014	0.000016	0.000004	0.000092	0.000104	0.942452	0.000007
211	0.057174	0.000095	0.000034	0.000011	0.000012	0.000015	0.000004	0.000084	0.000097	0.942473	0.000008
212	0.057177	0.000093	0.000029	0.000010	0.000012	0.000013	0.000004	0.000076	0.000092	0.942494	0.000007
213	0.057180	0.000090	0.000029	0.000009	0.000012	0.000012	0.000003	0.000071	0.000086	0.942509	0.000006
214	0.057183	0.000088	0.000025	0.000009	0.000012	0.000011	0.000002	0.000063	0.000079	0.942527	0.000007
215	0.057189	0.000084	0.000022	0.000008	0.000011	0.000010	0.000002	0.000057	0.000071	0.942544	0.000007
216	0.057193	0.000082	0.000021	0.000008	0.000010	0.000009	0.000002	0.000051	0.000065	0.942559	0.000006
217	0.057198	0.000079	0.000020	0.000006	0.000009	0.000009	0.000002	0.000046	0.000059	0.942573	0.000007
218	0.057200	0.000079	0.000017	0.000005	0.000008	0.000008	0.000002	0.000041	0.000054	0.942586	0.000004
219	0.057203	0.000078	0.000015	0.000006	0.000007	0.000007	0.000001	0.000038	0.000049	0.942596	0.000004
220	0.057205	0.000075	0.000013	0.000006	0.000006	0.000007	0.000001	0.000036	0.000046	0.942605	0.000003
221	0.057207	0.000074	0.000013	0.000005	0.000005	0.000007	0.000002	0.000033	0.000042	0.942613	0.000004
222	0.057209	0.000072	0.000011	0.000004	0.000005	0.000006	0.000001	0.000030	0.000038	0.942621	0.000004
223	0.057212	0.000071	0.000011	0.000003	0.000005	0.000005	0.000001	0.000028	0.000035	0.942629	0.000003
224	0.057214	0.000069	0.000009	0.000003	0.000004	0.000005	0.000001	0.000026	0.000032	0.942636	0.000003
225	0.057216	0.000068	0.000009	0.000002	0.000004	0.000004	0.000001	0.000024	0.000028	0.942642	0.000003
226	0.057218	0.000067	0.000008	0.000003	0.000003	0.000004	0.000001	0.000023	0.000026	0.942647	0.000003
227	0.057219	0.000067	0.000006	0.000003	0.000003	0.000003	0.000001	0.000020	0.000024	0.942652	0.000002
228	0.057220	0.000066	0.000007	0.000003	0.000003	0.000003	0.000000	0.000019	0.000022	0.942658	0.000002
229	0.057222	0.000065	0.000006	0.000003	0.000002	0.000002	0.000001	0.000017	0.000020	0.942663	0.000002
230	0.057223	0.000064	0.000006	0.000002	0.000002	0.000002	0.000001	0.000015	0.000018	0.942667	0.000002
231	0.057225	0.000063	0.000005	0.000002	0.000002	0.000002	0.000000	0.000014	0.000016	0.942671	0.000002
232	0.057226	0.000062	0.000006	0.000002	0.000001	0.000002	0.000000	0.000013	0.000015	0.942674	0.000002
233	0.057226	0.000062	0.000006	0.000001	0.000001	0.000002	0.000000	0.000012	0.000013	0.942677	0.000002
234	0.057227	0.000062	0.000005	0.000002	0.000001	0.000002	0.000000	0.000010	0.000012	0.942679	0.000001
235	0.057228	0.000062	0.000004	0.000001	0.000002	0.000001	0.000001	0.000009	0.000011	0.942681	0.000001
236	0.057228	0.000062	0.000004	0.000001	0.000001	0.000001	0.000000	0.000009	0.000010	0.942684	0.000001
237	0.057229	0.000061	0.000004	0.000001	0.000001	0.000001	0.000000	0.000008	0.000008	0.942686	0.000001
238	0.057229	0.000061	0.000003	0.000001	0.000001	0.000001	0.000000	0.000008	0.000008	0.942688	0.000000
239	0.057230	0.000061	0.000002	0.000001	0.000001	0.000001	0.000000	0.000008	0.000007	0.942689	0.000001
240	0.057230	0.000061	0.000002	0.000001	0.000002	0.000001	0.000000	0.000007	0.000007	0.942690	0.000001
241	0.057230	0.000061	0.000002	0.000001	0.000001	0.000000	0.000000	0.000006	0.000006	0.942692	0.000000
242	0.057230	0.000060	0.000002	0.000000	0.000001	0.000000	0.000000	0.000006	0.000006	0.942694	0.000000
243	0.057231	0.000060	0.000001	0.000000	0.000002	0.000001	0.000000	0.000005	0.000005	0.942695	0.000001
244	0.057232	0.000060	0.000001	0.000001	0.000001	0.000000	0.000000	0.000005	0.000005	0.942696	0.000001
245	0.057232	0.000060	0.000001	0.000000	0.000001	0.000000	0.000000	0.000005	0.000004	0.942697	0.000000
246	0.057232	0.000060	0.000001	0.000000	0.000001	0.000000	0.000000	0.000005	0.000004	0.942697	0.000000
247	0.057232	0.000060	0.000001	0.000000	0.000001	0.000000	0.000000	0.000004	0.000004	0.942698	0.000000
248	0.057232	0.000059	0.000001	0.000000	0.000001	0.000000	0.000000	0.000004	0.000003	0.942699	0.000000
249	0.057232	0.000059	0.000001	0.000000	0.000000	0.000000	0.000000	0.000004	0.000003	0.942700	0.000000
250	0.057232	0.000059	0.000001	0.000000	0.000000	0.000000	0.000000	0.000003	0.000003	0.942700	0.000000
251	0.057232	0.000059	0.000001	0.000001	0.000000	0.000000	0.000000	0.000003	0.000003	0.942701	0.000000
252	0.057232	0.000059	0.000001	0.000001	0.000000	0.000000	0.000000	0.000003	0.000002	0.942702	0.000000
253	0.057232	0.000059	0.000001	0.000000	0.000000	0.000000	0.000000	0.000002	0.000002	0.942703	0.000000
254	0.057232	0.000058	0.000001	0.000000	0.000000	0.000000	0.000000	0.000002	0.000002	0.942703	0.000000
255	0.057232	0.000058	0.000001	0.000000	0.000000	0.000000	0.000000	0.000002	0.000002	0.942704	0.000000
256	0.057233	0.000058	0.000001	0.000000	0.000000	0.000000	0.000000	0.000002	0.000002	0.942704	0.000000
257	0.057233	0.000058	0.000001	0.000000	0.000000	0.000000	0.000000	0.000001	0.000002	0.942704	0.000000
258	0.057233	0.000058	0.000001	0.000000	0.000000	0.000000	0.000000	0.000001	0.000002	0.942705	0.000000
259	0.057233	0.000058	0.000001	0.000000	0.000000	0.000000	0.000000	0.000001	0.000001	0.942705	0.000000
260	0.057233	0.000058	0.000001	0.000000	0.000000	0.000000	0.000000	0.000001	0.000001	0.942706	0.000000
261	0.057233	0.000058	0.000000	0.000000	0.000000	0.000000	0.000000	0.000001	0.000001	0.942706	0.000000
262	0.057233	0.000058	0.000000	0.000000	0.000000	0.000000	0.000000	0.000001	0.000001	0.942706	0.000000
263	0.057233	0.000058	0.000000	0.000000	0.000000	0.000000	0.000000	0.000001	0.000001	0.942706	0.000000
264	0.057233	0.000058	0.000000	0.000000	0.000000	0.000000	0.000000	0.000001	0.000001	0.942706	0.000000
265	0.057234	0.000058	0.000000	0.000000	0.000000	0.000000	0.000000	0.000000	0.000001	0.942706	0.000000
266	0.057234	0.000058	0.000000	0.000000	0.000000	0.000000	0.000000	0.000001	0.000001	0.942707	0.000000
267	0.057234	0.000058	0.000000	0.000000	0.000000	0.000000	0.000000	0.000001	0.000001	0.942707	0.000000
268	0.057234	0.000058	0.000000	0.000000	0.000000	0.000000	0.000000	0.000000	0.000001	0.942707	0.000000
269	0.057234	0.000058	0.000000	0.000000	0.000000	0.000000	0.000000	0.000000	0.000001	0.942707	0.000000
270	0.057234	0.000058	0.000000	0.000000	0.000000	0.000000	0.000000	0.000000	0.000001	0.942707	0.000000
271	0.057234	0.000058	0.000000	0.000000	0.000000	0.000000	0.000000	0.000000	0.000001	0.942707	0.000000
272	0.057234	0.000058	0.000000	0.000000	0.000000	0.000000	0.000000	0.000000	0.000001	0.942707	0.000000
273	0.057234	0.000058	0.000000	0.000000	0.000000	0.000000	0.000000	0.000000	0.000001	0.942707	0.000000
274	0.057234	0.000058	0.000000	0.000000	0.000000	0.000000	0.000000	0.000000	0.000001	0.942707	0.000000
275	0.057234	0.000058	0.000000	0.000000	0.000000	0.000000	0.000000	0.000000	0.000000	0.942707	0.000000
276	0.057234	0.000058	0.000000	0.000000	0.000000	0.000000	0.000000	0.000000	0.000000	0.942707	0.000000
277	0.057234	0.000058	0.000000	0.000000	0.000000	0.000000	0.000000	0.000000	0.000000	0.942707	0.000000
278	0.057234	0.000058	0.000000	0.000000	0.000000	0.000000	0.000000	0.000000	0.000000	0.942707	0.000000
279	0.057234	0.000058	0.000000	0.000000	0.000000	0.000000	0.000000	0.000000	0.000001	0.942707	0.000000
280	0.057234	0.000058	0.000000	0.000000	0.000000	0.000000	0.000000	0.000000	0.000000	0.942707	0.000000
281	0.057234	0.000058	0.000000	0.000000	0.000000	0.000000	0.000000	0.000000	0.000000	0.942707	0.000000
282	0.057234	0.000058	0.000000	0.000000	0.000000	0.000000	0.000000	0.000000	0.000000	0.942707	0.000000
283	0.057234	0.000058	0.000000	0.000000	0.000000	0.000000	0.000000	0.000000	0.000000	0.942708	0.000000
284	0.057234	0.000058	0.000000	0.000000	0.000000	0.000000	0.000000	0.000000	0.000000	0.942708	0.000000
285	0.057234	0.000058	0.000000	0.000000	0.000000	0.000000	0.000000	0.000000	0.000000	0.942708	0.000000
286	0.057234	0.000058	0.000000	0.000000	0.000000	0.000000	0.000000	0.000000	0.000000	0.942708	0.000000
287	0.057234	0.000058	0.000000	0.000000	0.000000	0.000000	0.000000	0.000000	0.000000	0.942708	0.000000
288	0.057234	0.000058	0.000000	0.000000	0.000000	0.000000	0.000000	0.000000	0.000000	0.942708	0.000000
289	0.057234	0.000058	0.000000	0.000000	0.000000	0.000000	0.000000	0.000000	0.000000	0.942708	0.000000
290	0.057234	0.000058	0.000000	0.000000	0.000000	0.000000	0.000000	0.000000	0.000000	0.942708	0.000000
291	0.057234	0.000058	0.000000	0.000000	0.000000	0.000000	0.000000	0.000000	0.000000	0.942708	0.000000
292	0.057234	0.000058	0.000000	0.000000	0.000000	0.000000	0.000000	0.000000	0.000000	0.942708	0.000000
293	0.057234	0.000058	0.000000	0.000000	0.000000	0.000000	0.000000	0.000000	0.000000	0.942708	0.000000
294	0.057234	0.000058	0.000000	0.000000	0.000000	0.000000	0.000000	0.000000	0.000000	0.942708	0.000000
295	0.057234	0.000058	0.000000	0.000000	0.000000	0.000000	0.000000	0.000000	0.000000	0.942708	0.000000
296	0.057234	0.000058	0.000000	0.000000	0.000000	0.000000	0.000000	0.000000	0.000000	0.942708	0.000000
297	0.057234	0.000058	0.000000	0.000000	0.000000	0.000000	0.000000	0.000000	0.000000	0.942708	0.000000
298	0.057234	0.000058	0.000000	0.000000	0.000000	0.000000	0.000000	0.000000	0.000000	0.942708	0.000000
299	0.057234	0.000058	0.000000	0.000000	0.000000	0.000000	0.000000	0.000000	0.000000	0.942708	0.000000
300	0.057234	0.000058	0.000000	0.000000	0.000000	0.000000	0.000000	0.000000	0.000000	0.942708	0.000000
301	0.057234	0.000058	0.000000	0.000000	0.000000	0.000000	0.000000	0.000000	0.000000	0.942708	0.000000
302	0.057234	0.000058	0.000000	0.000000	0.000000	0.000000	0.000000	0.000000	0.000000	0.942708	0.000000
303	0.057234	0.000058	0.000000	0.000000	0.000000	0.000000	0.000000	0.000000	0.000000	0.942708	0.000000
304	0.057234	0.000058	0.000000	0.000000	0.000000	0.000000	0.000000	0.000000	0.000000	0.942708	0.000000
305	0.057234	0.000058	0.000000	0.000000	0.000000	0.000000	0.000000	0.000000	0.000000	0.942708	0.000000
306	0.057234	0.000058	0.000000	0.000000	0.000000	0.000000	0.000000	0.000000	0.000000	0.942708	0.000000
307	0.057234	0.000058	0.000000	0.000000	0.000000	0.000000	0.000000	0.000000	0.000000	0.942708	0.000000
308	0.057234	0.000058	0.000000	0.000000	0.000000	0.000000	0.000000	0.000000	0.000000	0.942708	0.000000
309	0.057234	0.000058	0.000000	0.000000	0.000000	0.000000	0.000000	0.000000	0.000000	0.942708	0.000000
310	0.057234	0.000058	0.000000	0.000000	0.000000	0.000000	0.000000	0.000000	0.000000	0.942708	0.000000
311	0.057234	0.000058	0.000000	0.000000	0.000000	0.000000	0.000000	0.000000	0.000000	0.942708	0.000000
312	0.057234	0.000058	0.000000	0.000000	0.000000	0.000000	0.000000	0.000000	0.000000	0.942708	0.000000
313	0.057234	0.000058	0.000000	0.000000	0.000000	0.000000	0.000000	0.000000	0.000000	0.942708	0.000000
314	0.057234	0.000058	0.000000	0.000000	0.000000	0.000000	0.000000	0.000000	0.000000	0.942708	0.000000
315	0.057234	0.000058	0.000000	0.000000	0.000000	0.000000	0.000000	0.000000	0.000000	0.942708	0.000000
316	0.057234	0.000058	0.000000	0.000000	0.000000	0.000000	0.000000	0.000000	0.000000	0.942708	0.000000
317	0.057234	0.000058	0.000000	0.000000	0.000000	0.000000	0.000000	0.000000	0.000000	0.942708	0.000000
318	0.057234	0.000058	0.000000	0.000000	0.000000	0.000000	0.000000	0.000000	0.000000	0.942708	0.000000
319	0.057234	0.000058	0.000000	0.000000	0.000000	0.000000	0.000000	0.000000	0.000000	0.942708	0.000000
320	0.057234	0.000058	0.000000	0.000000	0.000000	0.000000	0.000000	0.000000	0.000000	0.942708	0.000000
321	0.057234	0.000058	0.000000	0.000000	0.000000	0.000000	0.000000	0.000000	0.000000	0.942708	0.000000
322	0.057234	0.000058	0.000000	0.000000	0.000000	0.000000	0.000000	0.000000	0.000000	0.942708	0.000000
323	0.057234	0.000058	0.000000	0.000000	0.000000	0.000000	0.000000	0.000000	0.000000	0.942708	0.000000
324	0.057234	0.000058	0.000000	0.000000	0.000000	0.000000	0.000000	0.000000	0.000000	0.942708	0.000000
325	0.057234	0.000058	0.000000	0.000000	0.000000	0.000000	0.000000	0.000000	0.000000	0.942708	0.000000
326	0.057234	0.000058	0.000000	0.000000	0.000000	0.000000	0.000000	0.000000	0.000000	0.942708	0.000000
327	0.057234	0.000058	0.000000	0.000000	0.000000	0.000000	0.000000	0.000000	0.000000	0.942708	0.000000
328	0.057234	0.000058	0.000000	0.000000	0.000000	0.000000	0.000000	0.000000	0.000000	0.942708	0.000000
329	0.057234	0.000058	0.000000	0.000000	0.000000	0.000000	0.000000	0.000000	0.000000	0.942708	0.000000
330	0.057234	0.000058	0.000000	0.000000	0.000000	0.000000	0.000000	0.000000	0.000000	0.942708	0.000000
331	0.057234	0.000058	0.000000	0.000000	0.000000	0.000000	0.000000	0.000000	0.000000	0.942708	0.000000
332	0.057234	0.000058	0.000000	0.000000	0.000000	0.000000	0.000000	0.000000	0.000000	0.942708	0.000000
333	0.057234	0.000058	0.000000	0.000000	0.000000	0.000000	0.000000	0.000000	0.000000	0.942708	0.000000
334	0.057234	0.000058	0.000000	0.000000	0.000000	0.000000	0.000000	0.000000	0.000000	0.942708	0.000000
335	0.057234	0.000058	0.000000	0.000000	0.000000	0.000000	0.000000	0.000000	0.000000	0.942708	0.000000
336	0.057234	0.000058	0.000000	0.000000	0.000000	0.000000	0.000000	0.000000	0.000000	0.942708	0.000000
337	0.057234	0.000058	0.000000	0.000000	0.000000	0.000000	0.000000	0.000000	0.000000	0.942708	0.000000
338	0.057234	0.000058	0.000000	0.000000	0.000000	0.000000	0.000000	0.000000	0.000000	0.942708	0.000000
339	0.057234	0.000058	0.000000	0.000000	0.000000	0.000000	0.000000	0.000000	0.000000	0.942708	0.000000
340	0.057234	0.000058	0.000000	0.000000	0.000000	0.000000	0.000000	0.000000	0.000000	0.942708	0.000000
341	0.057234	0.000058	0.000000	0.000000	0.000000	0.000000	0.000000	0.000000	0.000000	0.942708	0.000000
342	0.057234	0.000058	0.000000	0.000000	0.000000	0.000000	0.000000	0.000000	0.000000	0.942708	0.000000
343	0.057234	0.000058	0.000000	0.000000	0.000000	0.000000	0.000000	0.000000	0.000000	0.942708	0.000000
344	0.057234	0.000058	0.000000	0.000000	0.000000	0.000000	0.000000	0.000000	0.000000	0.942708	0.000000
345	0.057234	0.000058	0.000000	0.000000	0.000000	0.000000	0.000000	0.000000	0.000000	0.942708	0.000000
346	0.057234	0.000058	0.000000	0.000000	0.000000	0.000000	0.000000	0.000000	0.000000	0.942708	0.000000
347	0.057234	0.000058	0.000000	0.000000	0.000000	0.000000	0.000000	0.000000	0.000000	0.942708	0.000000
348	0.057234	0.000058	0.000000	0.000000	0.000000	0.000000	0.000000	0.000000	0.000000	0.942708	0.000000
349	0.057234	0.000058	0.000000	0.000000	0.000000	0.000000	0.000000	0.000000	0.000000	0.942708	0.000000
350	0.057234	0.000058	0.000000	0.000000	0.000000	0.000000	0.000000	0.000000	0.000000	0.942708	0.000000
351	0.057234	0.000058	0.000000	0.000000	0.000000	0.000000	0.000000	0.000000	0.000000	0.942708	0.000000
352	0.057234	0.000058	0.000000	0.000000	0.000000	0.000000	0.000000	0.000000	0.000000	0.942708	0.000000
353	0.057234	0.000058	0.000000	0.000000	0.000000	0.000000	0.000000	0.000000	0.000000	0.942708	0.000000
354	0.057234	0.000058	0.000000	0.000000	0.000000	0.000000	0.000000	0.000000	0.000000	0.942708	0.000000
355	0.057234	0.000058	0.000000	0.000000	0.000000	0.000000	0.000000	0.000000	0.000000	0.942708	0.000000
356	0.057234	0.000058	0.000000	0.000000	0.000000	0.000000	0.000000	0.000000	0.000000	0.942708	0.000000
357	0.057234	0.000058	0.000000	0.000000	0.000000	0.000000	0.000000	0.000000	0.000000	0.942708	0.000000
358	0.057234	0.000058	0.000000	0.000000	0.000000	0.000000	0.000000	0.000000	0.000000	0.942708	0.000000
359	0.057234	0.000058	0.000000	0.000000	0.000000	0.000000	0.000000	0.000000	0.000000	0.942708	0.000000
360	0.057234	0.000058	0.000000	0.000000	0.000000	0.000000	0.000000	0.000000	0.000000	0.942708	0.000000
361	0.057234	0.000058	0.000000	0.000000	0.000000	0.000000	0.000000	0.000000	0.000000	0.942708	0.000000
362	0.057234	0.000058	0.000000	0.000000	0.000000	0.000000	0.000000	0.000000	0.000000	0.942708	0.000000
363	0.057234	0.000058	0.000000	0.000000	0.000000	0.000000	0.000000	0.000000	0.000000	0.942708	0.000000
364	0.057234	0.000058	0.000000	0.000000	0.000000	0.000000	0.000000	0.000000	0.000000	0.942708	0.000000
365	0.057234	0.000058	0.000000	0.000000	0.000000	0.000000	0.000000	0.000000	0.000000	0.942708	0.000000
366	0.057234	0.000058	0.000000	0.000000	0.000000	0.000000	0.000000	0.000000	0.000000	0.942708	0.000000
367	0.057234	0.000058	0.000000	0.000000	0.000000	0.000000	0.000000	0.000000	0.000000	0.942708	0.000000
368	0.057234	0.000058	0.000000	0.000000	0.000000	0.000000	0.000000	0.000000	0.000000	0.942708	0.000000
369	0.057234	0.000058	0.000000	0.000000	0.000000	0.000000	0.000000	0.000000	0.000000	0.942708	0.000000
370	0.057234	0.000058	0.000000	0.000000	0.000000	0.000000	0.000000	0.000000	0.000000	0.942708	0.000000
371	0.057234	0.000058	0.000000	0.000000	0.000000	0.000000	0.000000	0.000000	0.000000	0.942708	0.000000
372	0.057234	0.000058	0.000000	0.000000	0.000000	0.000000	0.000000	0.000000	0.000000	0.942708	0.000000
373	0.057234	0.000058	0.000000	0.000000	0.000000	0.000000	0.000000	0.000000	0.000000	0.942708	0.000000
374	0.057234	0.000058	0.000000	0.000000	0.000000	0.000000	0.000000	0.000000	0.000000	0.942708	0.000000
375	0.057234	0.000058	0.000000	0.000000	0.000000	0.000000	0.000000	0.000000	0.000000	0.942708	0.000000
376	0.057234	0.000058	0.000000	0.000000	0.000000	0.000000	0.000000	0.000000	0.000000	0.942708	0.000000
377	0.057234	0.000058	0.000000	0.000000	0.000000	0.000000	0.000000	0.000000	0.000000	0.942708	0.000000
378	0.057234	0.000058	0.000000	0.000000	0.000000	0.000000	0.000000	0.000000	0.000000	0.942708	0.000000
379	0.057234	0.000058	0.000000	0.000000	0.000000	0.000000	0.000000	0.000000	0.000000	0.942708	0.000000
380	0.057234	0.000058	0.000000	0.000000	0.000000	0.000000	0.000000	0.000000	0.000000	0.942708	0.000000
381	0.057234	0.000058	0.000000	0.000000	0.000000	0.000000	0.000000	0.000000	0.000000	0.942708	0.000000
382	0.057234	0.000058	0.000000	0.000000	0.000000	0.000000	0.000000	0.000000	0.000000	0.942708	0.000000
383	0.057234	0.000058	0.000000	0.000000	0.000000	0.000000	0.000000	0.000000	0.000000	0.942708	0.000000
384	0.057234	0.000058	0.000000	0.000000	0.000000	0.000000	0.000000	0.000000	0.000000	0.942708	0.000000
385	0.057234	0.000058	0.000000	0.000000	0.000000	0.000000	0.000000	0.000000	0.000000	0.942708	0.000000
386	0.057234	0.000058	0.000000	0.000000	0.000000	0.000000	0.000000	0.000000	0.000000	0.942708	0.000000
387	0.057234	0.000058	0.000000	0.000000	0.000000	0.000000	0.000000	0.000000	0.000000	0.942708	0.000000
388	0.057234	0.000058	0.000000	0.000000	0.000000	0.000000	0.000000	0.000000	0.000000	0.942708	0.000000
389	0.057234	0.000058	0.000000	0.000000	0.000000	0.000000	0.000000	0.000000	0.000000	0.942708	0.000000
390	0.057234	0.000058	0.000000	0.000000	0.000000	0.000000	0.000000	0.000000	0.000000	0.942708	0.000000
391	0.057234	0.000058	0.000000	0.000000	0.000000	0.000000	0.000000	0.000000	0.000000	0.942708	0.000000
392	0.057234	0.000058	0.000000	0.000000	0.000000	0.000000	0.000000	0.000000	0.000000	0.942708	0.000000
393	0.057234	0.000058	0.000000	0.000000	0.000000	0.000000	0.000000	0.000000	0.000000	0.942708	0.000000
394	0.057234	0.000058	0.000000	0.000000	0.000000	0.000000	0.000000	0.000000	0.000000	0.942708	0.000000
395	0.057234	0.000058	0.000000	0.000000	0.000000	0.000000	0.000000	0.000000	0.000000	0.942708	0.000000
396	0.057234	0.000058	0.000000	0.000000	0.000000	0.000000	0.000000	0.000000	0.000000	0.942708	0.000000
397	0.057234	0.000058	0.000000	0.000000	0.000000	0.000000	0.000000	0.000000	0.000000	0.942708	0.000000
398	0.057234	0.000058	0.000000	0.000000	0.000000	0.000000	0.000000	0.000000	0.000000	0.942708	0.000000
399	0.057234	0.000058	0.000000	0.000000	0.000000	0.000000	0.000000	0.000000	0.000000	0.942708	0.000000
400	0.057234	0.000058	0.000000	0.000000	0.000000	0.000000	0.000000	0.000000	0.000000	0.942708	0.000000
